5247.6
5221.9
5218.8
5209.7
5202.9
5184.5
5161.4
5133.2
5058.1
5029.7
5019.5
4983.2
4960.9
4960.1
4923.7
4896.2
4878.9
4853.9
4828.3
4725.5
4699.0
4685.5
4670.1
4668.8
4667.8
4641.5
4617.6
4601.4
4562.4
4561.6
4559.3
4557.3
4464.5
4463.4
4454.3
4448.8
4430.7
4415.7
4412.8
4396.6
4366.9
4350.3
4334.0
4314.7
4300.5
4256.4
4255.1
4200.7
4197.7
4195.9
4171.7
4128.7
4112.1
4100.1
4090.4
4047.5
4046.4
4029.1
3956.2
3937.9
3932.7
3891.4
3882.3
3857.0
3796.9
3783.9
3780.4
3753.3
3736.1
3733.3
3727.8
3716.2
3710.1
3701.4
3673.0
3625.7
3595.2
3575.9
3569.8
3568.6
3565.8
3559.7
3505.5
3500.8
3447.5
3400.8
3393.4
3384.4
3369.2
3359.0
3349.5
3342.2
3323.9
3310.4
3282.1
3281.7
3241.0
3229.6
3196.1
3194.3
3187.9
3138.1
3118.8
3114.5
3102.7
3099.9
3064.7
3056.0
3028.3
3022.4
3005.3
2968.6
2958.2
2956.8
2888.7
2846.2
2845.8
2805.2
2800.3
2791.7
2770.1
2761.3
2758.9
2749.0
2700.6
2675.1
2674.9
2633.0
2617.3
2615.0
2593.7
2576.2
2558.2
2554.6
2550.2
2549.4
2534.0
2530.3
2528.8
2525.7
2523.7
2515.6
2479.2
2467.7
2442.4
2418.2
2397.4
2395.5
2392.4
2351.1
2346.2
2312.8
2282.8
2236.1
2235.2
2224.6
2205.9
2178.2
2177.1
2156.7
2155.4
2151.9
2141.6
2134.3
2089.0
2085.8
2082.6
2054.0
2018.3
2014.2
1968.9
1960.1
1958.1
1944.5
1944.0
1911.2
1907.1
1886.6
1860.1
1844.0
1801.2
1796.6
1790.9
1789.6
1752.0
1743.0
1737.8
1707.5
1700.6
1693.2
1684.8
1665.7
1663.3
1657.6
1650.6
1648.5
1641.4
1624.8
1623.5
1623.3
1613.6
1611.7
1605.1
1591.0
1566.3
1559.9
1553.9
1537.4
1526.4
1523.5
1519.5
1489.6
1486.9
1481.2
1477.3
1470.5
1456.0
1451.6
1439.9
1418.3
1396.8
1395.9
1383.7
1375.1
1374.5
1370.5
1365.0
1351.8
1350.5
1346.2
1345.7
1340.5
1338.9
1335.4
1332.5
1329.3
1324.7
1321.5
1321.2
1307.7
1295.3
1286.6
1277.3
1271.7
1269.0
1264.6
1255.9
1251.9
1251.0
1213.7
1211.0
1207.9
1196.8
1191.6
1189.7
1187.6
1186.2
1185.5
1182.1
1171.4
1159.3
1154.3
1151.8
1149.2
1149.0
1147.7
1147.6
1143.9
1139.0
1120.4
1109.6
1101.5
1097.3
1090.1
1080.0
1079.5
1073.4
1063.3
1063.0
1060.0
1058.9
1044.4
1037.6
1036.1
1034.0
1033.9
1028.1
1027.7
1026.4
1026.0
1025.6
1010.6
983.6
980.0
978.4
975.0
968.9
968.4
967.7
966.9
965.3
959.5
959.1
953.3
949.7
949.1
946.4
935.4
932.8
929.4
928.8
926.7
923.4
918.4
909.5
900.4
898.6
896.1
892.8
892.5
891.5
885.1
884.0
882.6
882.3
881.7
873.0
867.7
867.5
863.9
861.5
858.4
854.5
853.7
853.1
850.5
849.9
847.5
846.2
846.1
844.3
842.0
832.9
832.9
831.3
830.6
830.4
830.0
829.8
