4785.0
4777.8
4777.8
4777.8
4761.0
4761.0
4700.2
4700.2
4692.3
4645.0
4637.6
4637.6
4637.6
4533.7
4405.3
4394.4
4394.4
4394.4
4394.4
4394.4
4394.4
4360.1
4360.1
4360.1
4360.1
4321.0
4319.6
4319.6
4319.6
4319.6
4319.6
4319.6
4314.6
4268.5
4268.5
4268.5
4268.5
4246.8
4246.8
4246.8
4246.8
4246.8
4246.8
4235.1
4215.8
4215.8
4215.8
4215.8
4187.6
4187.6
4187.6
4187.6
4187.6
4187.6
4187.6
4184.6
4184.6
4184.2
4173.1
4139.6
4139.6
4100.4
4100.4
4100.4
4100.4
4092.2
3961.3
3961.3
3961.3
3961.3
3961.3
3961.3
3915.1
3902.0
3902.0
3902.0
3873.7
3873.7
3873.7
3873.7
3873.7
3869.9
3813.0
3784.3
3784.3
3769.6
3769.6
3769.6
3769.6
3769.6
3751.8
3751.8
3707.6
3704.7
3689.2
3689.2
3689.2
3689.2
3689.2
3689.2
3689.2
3678.2
3678.2
3678.2
3678.2
3678.2
3678.2
3655.0
3655.0
3655.0
3655.0
3655.0
3654.3
3654.3
3654.3
3621.7
3618.6
3618.6
3618.6
3585.9
3585.9
3567.0
3567.0
3539.8
3539.8
3539.8
3522.8
3522.8
3522.8
3516.8
3516.8
3516.8
3516.8
3516.8
3516.8
3516.8
3516.8
3516.8
3516.8
3496.7
3496.7
3496.7
3496.7
3496.7
3496.7
3496.7
3496.7
3496.7
3496.7
3496.7
3496.7
3496.7
3496.7
3496.7
3496.7
3496.7
3496.7
3424.8
3424.8
3424.8
3353.7
3340.3
3340.3
3340.3
3340.3
3340.3
3340.3
3340.3
3306.9
3287.9
3287.9
3287.9
3287.9
3287.9
3287.9
3287.9
3287.9
3287.9
3284.4
3284.4
3284.4
3284.4
3284.4
3284.4
3276.4
3276.4
3276.4
3276.4
3248.4
3248.4
3248.4
3248.4
3248.4
3248.4
3248.4
3248.4
3248.4
3237.1
3225.2
3225.2
3225.2
3225.2
3225.2
3225.2
3225.2
3201.1
3201.1
3201.1
3201.1
3201.1
3200.2
3157.8
3157.8
3149.2
3149.2
3149.2
3149.2
3149.2
3149.2
3149.2
3147.1
3147.1
3147.1
3147.1
3147.1
3010.7
3010.7
3005.6
3005.6
3005.6
3005.6
3005.6
2984.1
2984.1
2984.1
2960.9
2960.9
2956.3
2956.3
2956.3
2956.3
2956.3
2956.3
2956.3
2945.9
2945.9
2945.9
2945.9
2945.9
2945.9
2913.8
2913.8
2913.8
2913.8
2913.8
2913.8
2902.8
2902.8
2902.8
2902.8
2902.8
2902.8
2902.8
2902.8
2902.8
2902.8
2902.8
2902.8
2902.8
2902.8
2902.8
2902.8
2892.3
2892.3
2892.3
2892.3
2892.3
2892.3
2892.3
2892.3
2892.3
2892.3
2891.6
2891.6
2891.6
2891.6
2891.6
2891.6
2891.6
2891.6
2891.6
2814.1
2814.1
2814.1
2814.1
2814.1
2814.1
2814.1
2799.9
2799.9
2799.9
2799.9
2799.9
2799.9
2781.0
2781.0
2781.0
2781.0
2781.0
2781.0
2781.0
2781.0
2781.0
2781.0
2781.0
2758.1
2758.1
2758.1
2758.1
2758.1
2758.1
2758.1
2758.1
2743.8
2743.8
2743.8
2742.0
2742.0
2742.0
2742.0
2742.0
2742.0
2742.0
2742.0
2742.0
2742.0
2742.0
2742.0
2742.0
2742.0
2722.9
2722.9
2722.9
2722.9
2722.9
2722.9
2722.9
2722.9
2722.9
2722.9
2722.9
2722.9
2680.9
2680.9
2680.9
2680.9
2680.9
2670.3
2670.3
2670.3
2670.3
2670.3
2670.3
2670.3
2670.3
2670.3
2670.3
2670.3
2670.3
2670.3
2670.3
2663.2
2663.2
2663.2
2663.2
2663.2
2663.2
2663.2
2663.2
2663.2
2663.2
2659.0
2659.0
2659.0
2659.0
2659.0
2659.0
2631.5
2625.6
2625.6
2625.6
2625.6
2625.6
2625.6
2625.6
2623.6
2623.6
2623.6
2623.6
2623.6
2623.6
2623.6
2595.0
2595.0
2595.0
2595.0
2595.0
2595.0
2590.9
2590.9
2590.9
2590.9
2590.0
2590.0
2568.6
2568.6
2568.6
2568.6
2568.6
2568.6
2568.6
2568.6
2568.6
2568.6
2568.6
2568.6
2555.5
2555.5
2555.5
2555.5
2555.5
2553.6
2553.6
2553.6
2553.6
2539.9
2539.9
2539.9
2539.9
2539.9
2533.0
2533.0
2531.2
2531.2
2531.2
2517.8
2517.8
2517.8
2517.8
2517.8
2517.8
2517.8
2516.9
2506.1
2506.1
2506.1
2506.1
2506.1
2506.1
2506.1
2506.1
2483.8
2483.8
2483.8
2480.0
2480.0
2480.0
2480.0
2480.0
2480.0
2480.0
2480.0
2480.0
2480.0
2461.8
2411.0
2393.2
2393.2
2393.2
2393.2
2393.2
2393.2
2389.4
2389.4
2382.8
2382.8
2382.8
2382.8
2367.2
2367.2
2367.2
2367.2
2364.5
2364.5
2364.5
2364.5
2364.5
2364.5
2364.5
2364.5
2364.5
2364.5
2364.5
2364.5
2358.2
2358.2
2358.2
2358.2
2358.2
2358.2
2358.2
2358.2
2358.2
2358.2
2358.2
2358.2
2358.2
2358.2
2358.2
2358.2
2358.2
2358.2
2358.2
2358.2
2358.2
2358.2
2358.2
2332.4
2332.4
2332.4
2332.4
2332.4
2332.4
2332.4
2332.4
2332.4
2332.4
2332.4
2332.4
2332.4
2332.2
2332.2
2327.0
2327.0
2327.0
2327.0
2327.0
2327.0
2327.0
2327.0
2327.0
2327.0
2327.0
2327.0
2327.0
2327.0
2327.0
2327.0
2327.0
2327.0
2327.0
2327.0
2327.0
2327.0
2327.0
2327.0
2327.0
2327.0
2327.0
2327.0
2327.0
2327.0
2327.0
2327.0
2322.8
2322.8
2322.8
2322.8
2322.8
2322.8
2322.8
2322.8
2322.8
2322.8
2322.8
2322.8
2322.8
2322.8
2322.8
2322.8
2322.8
2322.8
2322.8
2322.8
2322.8
2322.8
2322.8
2259.9
2259.9
2259.9
2259.9
2259.9
2259.9
2259.9
2259.9
2259.9
2259.9
2259.9
2259.9
2259.9
2257.3
2257.3
2214.3
2214.3
2199.1
2199.1
2199.1
2199.1
2199.1
2199.1
2199.1
2199.1
2199.1
2199.1
2199.1
2199.1
2199.1
2199.1
2199.1
2199.1
2144.4
2144.4
2144.4
2121.9
2121.9
2121.9
2121.9
2121.9
2121.9
2121.9
2121.9
2121.9
2121.9
2121.9
2121.9
2121.9
2121.8
2109.6
2109.6
2109.6
2109.6
2109.6
2109.6
2109.6
2109.6
2109.6
2109.6
2109.6
2109.6
2075.4
2075.4
2075.4
2075.4
2075.4
2075.4
2075.4
2075.4
2075.4
2075.4
2075.4
2075.4
2075.4
2075.4
2075.4
2075.4
2075.4
2075.4
2075.4
2075.4
2075.4
2075.4
2075.4
2075.4
2075.4
2075.4
2075.4
2075.4
2075.4
2075.4
2075.4
2075.4
2075.4
2075.4
2075.4
2075.4
2075.4
2075.4
2075.4
2075.4
2075.4
2071.7
2071.7
2071.7
2071.7
2071.7
2071.7
2071.7
2071.7
2071.7
2071.7
2071.7
2071.7
2071.7
2071.7
2071.7
2071.7
2071.7
2071.7
2071.7
2071.7
2071.7
2071.7
2071.7
2071.7
2071.7
2071.7
2071.7
2071.7
2071.7
2071.7
2065.1
2065.1
2065.1
2065.1
2065.1
2065.1
2065.1
2065.1
2065.1
2065.1
2065.1
2065.1
2065.1
2065.1
2040.6
2040.6
2040.6
2040.6
2040.6
2025.1
2023.3
2023.3
2023.3
2023.3
2023.3
2023.3
2023.3
2023.3
2023.3
2023.3
2023.3
2023.3
2023.3
2023.3
2023.3
2023.3
2023.3
2023.3
2023.3
2023.3
2023.3
2023.3
2023.3
2023.3
2023.3
2023.3
2023.3
2023.3
2023.3
2023.3
2023.3
2017.1
2017.1
2017.1
2017.1
2017.1
2017.1
2017.1
2017.1
2017.1
2017.1
2017.1
2017.1
1993.2
1993.2
1993.2
1993.2
1993.2
1993.2
1993.2
1993.2
1993.2
1993.2
1993.2
1993.2
1993.2
1993.2
1993.2
1993.2
1993.2
1993.2
1988.3
1988.3
1988.3
1988.3
1988.3
1988.3
1988.3
1988.3
1978.3
1978.3
1978.3
1978.3
1978.3
1978.3
1978.3
1978.3
1978.3
1978.3
1978.3
1978.3
1978.3
1978.3
1978.3
1978.3
1978.3
1978.3
1978.3
1978.3
1978.3
1978.3
1978.3
1978.3
1978.3
1960.0
1960.0
1959.6
1959.6
1959.6
1959.6
1959.6
1959.6
1959.6
1959.6
1959.6
1959.6
1959.6
1959.6
1959.6
1959.6
1959.6
1959.6
1959.6
1959.6
1959.6
1959.6
1953.1
1953.1
1953.1
1953.1
1953.1
1953.1
1953.1
1953.1
1953.1
1951.4
1951.4
1951.4
1951.4
1951.4
1951.4
1951.4
1951.4
1951.4
1951.4
1951.4
1951.4
1951.4
1945.7
1945.7
1945.7
1945.7
1945.7
1945.7
1945.7
1945.7
1945.7
1945.7
1945.7
1945.7
1945.7
1945.7
1945.7
1945.7
1945.7
1945.7
1945.7
1945.7
1945.7
1945.7
1945.7
1945.7
1945.7
1945.7
1945.7
1945.7
1942.1
1942.1
1942.1
1942.1
1942.1
1942.1
1942.1
1942.1
1942.1
1942.1
1942.1
1942.1
1942.1
1942.1
1942.1
1942.1
1942.1
1942.1
1942.1
1942.1
1942.1
1942.1
1942.1
1942.1
1942.1
1942.1
1942.1
1942.1
1942.1
1942.1
1942.1
1942.1
1942.1
1942.1
1942.1
1942.1
1942.1
1942.1
1942.1
1942.1
1941.7
1941.7
1941.7
1941.7
1941.7
1941.7
1941.7
1941.7
1941.7
1941.7
1941.7
1941.7
1941.7
1941.7
1941.7
1941.3
1940.5
1940.5
1940.5
1940.5
1940.5
1940.5
1940.5
1940.5
1940.5
1940.5
1940.5
1940.5
1940.5
1940.5
1940.5
1940.5
1940.5
1940.5
1940.5
1924.6
1924.6
1924.6
1924.6
1924.6
1924.6
1924.6
1924.6
1924.6
1924.6
1905.5
1905.5
1905.5
1905.5
1905.5
1905.5
1905.5
1905.5
1905.5
1905.5
1905.5
1905.5
1905.5
1905.5
1905.5
1905.5
1905.5
1905.5
1905.5
1905.5
1905.5
1905.5
1905.5
1905.5
1894.9
1894.9
1894.9
1894.9
1875.3
1875.3
1875.3
1875.3
1875.3
1875.3
1875.3
1875.3
1875.3
1875.3
1858.1
1858.1
1858.1
1849.8
1849.8
1849.8
1824.7
1824.7
1824.7
1824.7
1824.7
1824.7
1824.7
1824.7
1824.7
1824.7
1824.7
1792.5
1792.5
1792.5
1792.5
1792.5
1792.5
1784.3
1784.3
1784.3
1784.3
1784.3
1784.3
1784.3
1784.3
1784.3
1784.3
1784.3
1784.3
1784.3
1784.3
1784.3
1784.3
1784.3
1782.7
1782.7
1782.7
1782.7
1782.7
1781.4
1781.4
1781.4
1781.4
1781.4
1781.4
1781.4
1781.4
1781.4
1781.4
1781.4
1781.4
1781.4
1781.4
1781.4
1781.4
1781.4
1781.4
1781.4
1781.4
1781.4
1781.4
1781.4
1781.4
1781.4
1781.4
1781.4
1781.4
1781.4
1774.6
1748.1
1748.1
1748.1
1748.1
1748.1
1748.1
1748.1
1748.1
1748.1
1748.1
1748.1
1748.1
1748.1
1744.5
1744.5
1744.5
1744.5
1744.5
1744.5
1744.5
1739.3
1739.3
1735.4
1735.4
1735.4
1735.4
1735.4
1735.4
1735.4
1735.4
1725.9
1712.3
1712.3
1712.3
1712.3
1712.3
1712.3
1712.3
1712.3
1712.3
1712.3
1712.3
1712.3
1712.3
1712.3
1712.3
1712.3
1712.3
1712.3
1712.3
1712.3
1712.3
1712.3
1712.3
1712.3
1712.3
1712.3
1712.3
1712.3
1712.3
1712.3
1712.3
1712.3
1712.3
1712.3
1712.3
1712.3
1712.3
1712.3
1712.3
1712.3
1712.3
1712.3
1712.3
1712.3
1712.3
1712.3
1712.3
1712.3
1712.3
1699.7
1699.7
1699.7
1699.7
1699.7
1699.7
1699.7
1699.7
1699.7
1699.7
1699.7
1699.7
1699.7
1699.7
1699.7
1699.7
1699.7
1699.7
1699.7
1699.7
1699.7
1699.7
1699.7
1699.7
1699.7
1699.7
1699.7
1699.7
1699.7
1699.7
1699.7
1699.7
1699.7
1699.7
1699.7
1699.7
1699.7
1699.7
1699.7
1699.7
1699.7
1699.7
1699.7
1699.7
1699.7
1699.7
1699.7
1699.7
1699.7
1679.0
1679.0
1679.0
1679.0
1679.0
1679.0
1679.0
1679.0
1679.0
1679.0
1679.0
1679.0
1679.0
1679.0
1679.0
1679.0
1679.0
1679.0
1679.0
1679.0
1679.0
1679.0
1679.0
1676.9
1676.9
1676.9
1676.9
1676.9
1676.9
1676.9
1676.9
1676.9
1676.9
1676.9
1676.9
1676.9
1676.9
1676.9
1676.9
1676.9
1650.4
1650.4
1650.4
1650.4
1650.4
1650.4
1650.4
1650.4
1650.4
1650.4
1650.4
1650.4
1650.4
1650.4
1650.4
1650.4
1650.4
1650.4
1650.4
1650.4
1650.4
1650.4
1650.4
1650.4
1650.4
1650.4
1650.4
1650.4
1650.4
1650.4
1650.4
1650.4
1650.4
1650.4
1650.4
1650.4
1650.4
1650.4
1650.4
1650.4
1650.4
1650.4
1650.4
1650.4
1650.4
1650.4
1650.4
1650.4
1650.4
1650.4
1650.4
1650.4
1650.4
1650.4
1650.4
1650.4
1650.4
1650.4
1650.4
1650.4
1650.4
1650.4
1650.4
1650.4
1650.4
1650.4
1650.4
1650.4
1650.4
1650.4
1650.4
1650.4
1635.9
1635.9
1635.9
1635.9
1635.9
1635.9
1635.9
1635.9
1635.9
1635.9
1635.9
1635.9
1635.9
1635.9
1635.9
1635.9
1635.9
1635.9
1635.9
1635.9
1609.3
1609.3
1609.3
1609.3
1609.3
1609.3
1609.3
1609.3
1609.3
1601.8
1601.8
1601.8
1601.8
1601.8
1601.8
1601.8
1601.8
1601.8
1601.8
1601.8
1601.8
1601.8
1601.8
1601.8
1601.8
1601.8
1601.8
1601.8
1601.8
1601.8
1601.8
1601.8
1601.8
1601.8
1601.8
1601.8
1601.8
1601.8
1601.8
1601.8
1601.8
1601.8
1601.8
1601.8
1601.8
1601.8
1601.8
1601.8
1601.8
1601.8
1601.8
1601.8
1601.8
1601.8
1601.8
1601.8
1601.8
1601.8
1601.8
1601.8
1601.8
1601.8
1601.8
1601.8
1601.8
1601.8
1601.8
1601.8
1601.8
1601.8
1601.8
1601.8
1601.8
1601.8
1601.8
1601.8
1601.8
1601.8
1601.8
1601.8
1601.8
1601.8
1601.8
1601.8
1601.8
1601.1
1601.1
1601.1
1601.1
1601.1
1601.1
1601.1
1601.1
1601.1
1601.1
1601.1
1601.1
1600.0
1600.0
1600.0
1600.0
1600.0
1600.0
1600.0
1600.0
1600.0
1600.0
1594.5
1594.5
1594.5
1594.5
1594.5
1594.5
1577.8
1577.8
1577.8
1577.8
1577.8
1577.8
1577.8
1577.8
1577.8
1577.8
1577.8
1577.8
1577.8
1577.8
1577.8
1577.8
1577.8
1577.8
1577.8
1577.8
1577.8
1577.8
1577.8
1577.8
1577.8
1577.8
1577.8
1577.5
1577.5
1577.5
1577.5
1577.5
1577.5
1577.5
1577.5
1577.5
1577.5
1577.5
1577.5
1577.5
1577.5
1577.5
1577.5
1577.5
1577.5
1577.5
1577.5
1577.5
1577.5
1577.5
1577.5
1577.5
1577.5
1577.5
1577.5
1577.5
1577.5
1577.5
1577.5
1577.5
1577.5
1577.5
1577.5
1577.5
1577.5
1577.5
1577.5
1577.5
1577.5
1577.5
1577.5
1577.5
1577.5
1577.5
1577.5
1577.5
1577.5
1577.5
1577.5
1577.5
1577.5
1577.5
1577.5
1577.5
1577.5
1577.5
1577.5
1577.5
1577.5
1577.5
1574.0
1574.0
1574.0
1574.0
1574.0
1574.0
1574.0
1574.0
1574.0
1574.0
1574.0
1574.0
1574.0
1574.0
1574.0
1574.0
1574.0
1574.0
1574.0
1574.0
1574.0
1574.0
1574.0
1574.0
1574.0
1574.0
1574.0
1574.0
1574.0
1574.0
1574.0
1574.0
1574.0
1574.0
1574.0
1574.0
1574.0
1574.0
1574.0
1574.0
1574.0
1574.0
1574.0
1574.0
1574.0
1574.0
1574.0
1574.0
1574.0
1574.0
1566.3
1566.3
1566.3
1566.3
1561.4
1561.4
1561.4
1561.4
1561.4
1561.4
1561.4
1561.4
1561.4
1561.4
1561.4
1561.4
1561.4
1561.4
1561.4
1561.4
1561.4
1561.4
1561.4
1561.4
1561.4
1561.4
1561.4
1561.4
1561.4
1561.4
1561.4
1561.4
1561.4
1561.4
1561.4
1561.4
1561.4
1561.4
1560.5
1560.5
1560.5
1560.5
1560.5
1560.5
1560.5
1560.5
1560.5
1560.5
1560.5
1560.5
1560.5
1560.5
1560.5
1560.5
1560.5
1560.5
1560.5
1560.5
1560.5
1560.5
1560.4
1560.4
1560.4
1560.4
1560.4
1560.4
1554.8
1554.8
1554.8
1554.8
1554.8
1554.8
1554.8
1554.8
1554.8
1554.8
1554.8
1554.8
1554.8
1554.8
1554.8
1554.8
1554.8
1554.8
1537.7
1537.7
1537.7
1537.7
1537.7
1537.7
1537.7
1531.5
1531.5
1531.5
1531.5
1531.5
1531.5
1531.5
1531.5
1531.5
1531.5
1531.5
1531.5
1531.5
1531.5
1531.5
1531.5
1531.5
1531.5
1531.5
1531.5
1531.5
1492.5
1492.5
1492.5
1492.5
1492.5
1492.5
1492.5
1492.5
1492.5
1492.5
1492.5
1492.5
1492.5
1492.5
1492.5
1492.5
1492.5
1492.5
1492.5
1492.5
1492.5
1492.5
1492.5
1492.5
1492.5
1492.5
1492.5
1492.5
1492.5
1492.5
1492.5
1492.5
1492.5
1492.5
1492.5
1492.5
1492.5
1492.5
1492.5
1492.5
1490.9
1490.9
1490.9
1490.9
1490.9
1490.9
1490.9
1490.9
1490.9
1490.9
1490.9
1490.9
1490.9
1490.9
1490.9
1490.9
1490.9
1490.9
1490.9
1490.9
1490.9
1490.9
1490.9
1490.9
1490.9
1490.9
1490.9
1490.9
1490.9
1490.9
1490.9
1490.9
1490.9
1490.9
1490.9
1485.7
1485.7
1485.7
1485.7
1485.7
1485.7
1485.7
1485.7
1485.7
1485.7
1485.7
1482.0
1459.6
1459.6
1459.6
1449.6
1449.6
1449.6
1449.6
1449.6
1449.6
1449.6
1449.6
1449.6
1449.6
1449.6
1449.6
1449.6
1449.6
1449.6
1449.6
1449.6
1449.6
1449.6
1449.6
1449.6
1449.6
1449.6
1449.6
1449.6
1449.6
1449.6
1449.6
1449.6
1449.6
1449.6
1449.6
1449.6
1449.6
1449.6
1449.6
1449.6
1449.6
1449.6
1449.6
1449.6
1449.6
1449.6
1449.6
1449.6
1449.6
1449.6
1449.6
1443.1
1443.1
1443.1
1443.1
1436.3
1436.3
1436.3
1436.3
1436.3
1436.3
1436.3
1436.3
1436.3
1436.3
1436.3
1436.3
1436.3
1436.3
1436.3
1436.3
1436.3
1436.3
1436.3
1435.6
1435.6
1435.6
1435.6
1435.6
1435.6
1435.6
1435.6
1435.6
1435.6
1435.6
1435.6
1435.6
1435.6
1435.6
1435.6
1435.6
1435.6
1435.6
1435.6
1435.6
1435.6
1425.5
1425.5
1425.5
1425.5
1425.5
1425.5
1425.5
1425.5
1425.5
1425.5
1425.5
1425.5
1425.5
1425.5
1425.5
1425.5
1425.5
1425.5
1425.5
1425.5
1425.5
1425.5
1425.5
1425.5
1425.5
1425.5
1425.5
1425.5
1425.5
1425.5
1425.5
1425.5
1425.5
1425.5
1425.5
1425.5
1425.5
1425.5
1425.5
1425.5
1425.5
1423.7
1423.7
1423.7
1423.7
1423.7
1423.7
1423.7
1423.7
1417.6
1417.6
1417.6
1417.6
1417.6
1417.6
1417.6
1417.6
1417.6
1417.6
1417.6
1417.6
1417.6
1417.6
1417.6
1417.6
1417.6
1417.6
1417.6
1417.6
1417.6
1417.6
1417.6
1417.6
1417.6
1417.6
1417.6
1417.6
1417.6
1417.6
1417.6
1417.6
1417.6
1417.6
1417.6
1417.6
1417.6
1417.6
1417.6
1417.6
1417.6
1417.6
1417.6
1417.6
1417.6
1417.6
1417.6
1417.6
1417.6
1417.6
1417.6
1417.6
1417.6
1417.6
1417.6
1417.6
1417.6
1417.6
1417.6
1417.6
1417.6
1417.6
1417.6
1417.6
1417.6
1417.6
1417.6
1417.6
1417.6
1417.6
1417.6
1417.6
1417.6
1417.6
1417.6
1417.6
1417.6
1417.6
1417.6
1417.6
1417.6
1417.6
1417.6
1417.6
1417.6
1417.6
1417.6
1417.6
1417.6
1417.6
1417.6
1417.6
1417.6
1417.6
1417.6
1417.6
1417.6
1417.6
1417.6
1417.6
1417.6
1417.6
1417.6
1417.6
1417.6
1417.6
1417.6
1417.6
1417.6
1417.6
1408.7
1408.7
1408.7
1408.7
1408.7
1408.7
1408.7
1406.6
1406.6
1406.6
1406.6
1406.6
1406.6
1406.6
1406.6
1406.6
1406.6
1406.6
1406.6
1406.6
1406.6
1406.6
1406.6
1406.6
1406.6
1406.6
1406.6
1406.6
1406.6
1406.6
1406.6
1406.6
1406.6
1406.6
1406.6
1406.6
1406.6
1406.6
1406.6
1395.4
1395.4
1395.4
1395.4
1395.4
1395.4
1395.4
1395.4
1395.4
1395.4
1395.4
1395.4
1394.9
1394.9
1394.9
1394.9
1394.9
1394.9
1394.9
1394.9
1394.9
1394.9
1394.9
1394.9
1394.9
1394.9
1394.9
1394.9
1394.9
1394.9
1394.9
1394.9
1394.9
1394.9
1394.9
1394.9
1394.9
1394.9
1394.9
1394.9
1394.9
1394.9
1394.9
1394.9
1394.9
1394.9
1394.9
1394.9
1394.9
1394.9
1394.9
1394.9
1394.9
1394.9
1394.9
1394.9
1394.9
1394.9
1394.9
1394.9
1394.9
1394.9
1394.9
1394.9
1394.9
1394.9
1394.9
1394.1
1394.1
1394.1
1394.1
1394.1
1394.1
1394.1
1394.1
1394.1
1394.1
1394.1
1394.1
1394.1
1394.1
1394.1
1394.1
1394.1
1394.1
1394.1
1394.1
1394.1
1394.1
1394.1
1394.1
1394.1
1394.1
1394.1
1394.1
1394.1
1394.1
1394.1
1394.1
1394.1
1394.1
1394.1
1394.1
1394.1
1394.1
1394.1
1394.1
1394.1
1394.1
1394.1
1394.1
1394.1
1394.1
1394.1
1394.1
1394.1
1394.1
1394.1
1394.1
1394.1
1394.1
1394.1
1394.1
1359.4
1359.4
1358.3
1358.3
1358.3
1358.3
1358.3
1358.3
1358.3
1358.3
1358.3
1358.3
1358.3
1358.3
1358.3
1358.3
1358.3
1358.3
1358.3
1358.3
1358.3
1358.3
1358.3
1358.3
1358.3
1358.3
1358.3
1358.3
1358.3
1358.3
1358.3
1358.3
1358.3
1358.3
1358.3
1358.3
1358.3
1358.3
1358.3
1358.3
1358.3
1358.3
1358.3
1358.3
1358.3
1358.3
1358.3
1358.3
1358.3
1358.3
1358.3
1358.3
1358.3
1358.3
1358.3
1358.3
1358.3
1358.3
1358.3
1358.3
1358.3
1358.3
1358.3
1358.3
1358.3
1358.3
1358.3
1358.3
1358.3
1341.2
1341.2
1341.2
1341.2
1341.2
1341.2
1341.2
1341.2
1341.2
1341.2
1341.2
1341.2
1341.2
1341.2
1329.6
1329.6
1329.6
1329.6
1329.6
1329.6
1329.6
1329.6
1329.6
1329.6
1329.6
1329.6
1329.6
1329.6
1329.6
1329.6
1329.6
1329.6
1329.6
1329.6
1309.5
1309.5
1309.5
1309.5
1309.5
1309.5
1302.5
1302.5
1302.5
1302.5
1302.5
1302.5
1302.5
1302.5
1302.5
1302.5
1302.5
1302.5
1302.5
1302.5
1302.5
1302.5
1302.5
1302.5
1302.5
1302.5
1302.5
1302.5
1302.5
1302.5
1302.5
1302.5
1302.5
1302.5
1302.5
1302.5
1302.5
1302.5
1302.5
1302.5
1302.5
1302.5
1302.5
1302.5
1302.5
1302.5
1302.5
1302.5
1302.5
1302.5
1302.5
1302.5
1302.5
1302.5
1302.5
1302.5
1302.5
1302.5
1302.5
1302.5
1302.5
1302.5
1302.5
1302.5
1302.5
1302.5
1302.5
1302.5
1302.5
1302.5
1302.5
1302.5
1302.5
1302.5
1302.5
1302.5
1302.5
1302.5
1302.5
1302.5
1302.5
1302.5
1302.5
1302.5
1302.5
1302.5
1302.5
1302.5
1302.5
1302.5
1302.5
1302.5
1302.5
1302.5
1302.5
1302.5
1302.5
1302.5
1302.5
1302.5
1302.5
1302.5
1302.5
1302.5
1302.5
1302.5
1302.5
1302.5
1302.5
1302.5
1302.5
1302.5
1302.5
1302.5
1302.5
1302.5
1302.5
1302.5
1295.2
1295.2
1295.2
1295.2
1295.2
1295.2
1295.2
1294.1
1294.1
1294.1
1294.1
1294.1
1294.1
1294.1
1294.1
1294.1
1294.1
1294.1
1294.1
1294.1
1294.1
1294.1
1294.1
1294.1
1294.1
1294.1
1294.1
1294.1
1294.1
1294.1
1283.2
1283.2
1283.2
1283.2
1283.2
1283.2
1283.2
1283.2
1283.2
1283.2
1283.2
1283.2
1283.2
1283.2
1283.2
1283.2
1283.2
1283.2
1283.2
1283.2
1283.2
1283.2
1283.2
1283.2
1283.2
1283.2
1283.2
1283.2
1283.2
1283.2
1283.2
1283.2
1283.2
1283.2
1283.2
1283.2
1283.2
1283.2
1283.2
1283.2
1283.2
1283.2
1283.2
1283.2
1283.2
1283.2
1283.2
1283.2
1283.2
1283.2
1283.2
1283.2
1283.2
1283.2
1283.2
1283.2
1283.2
1283.2
1283.2
1283.2
1283.2
1283.2
1283.2
1283.2
1283.2
1283.2
1283.2
1283.2
1283.2
1283.2
1283.2
1283.2
1283.2
1283.2
1283.2
1283.2
1283.2
1283.2
1283.2
1282.8
1282.8
1282.8
1282.8
1282.8
1282.8
1282.8
1282.8
1282.8
1282.8
1282.8
1282.8
1282.8
1282.8
1282.8
1282.8
1282.8
1282.8
1282.8
1282.8
1282.8
1282.8
1282.8
1282.8
1282.8
1282.8
1282.8
1282.8
1282.8
1282.8
1282.8
1282.8
1282.8
1282.8
1282.8
1282.8
1282.8
1282.8
1282.8
1282.8
1282.8
1282.8
1282.8
1282.8
1282.8
1282.8
1282.8
1282.8
1282.8
1282.8
1282.8
1282.8
1282.8
1282.8
1282.8
1282.8
1282.8
1282.8
1282.8
1282.8
1282.8
1282.8
1282.8
1282.8
1282.8
1282.8
1282.8
1282.8
1282.8
1282.8
1282.8
1282.8
1282.8
1282.8
1282.8
1282.8
1282.8
1282.8
1282.8
1282.8
1282.8
1282.8
1272.0
1272.0
1272.0
1272.0
1272.0
1272.0
1272.0
1272.0
1272.0
1272.0
1272.0
1272.0
1272.0
1272.0
1272.0
1272.0
1272.0
1272.0
1272.0
1272.0
1272.0
1272.0
1272.0
1272.0
1272.0
1272.0
1272.0
1272.0
1272.0
1272.0
1272.0
1272.0
1272.0
1272.0
1272.0
1272.0
1272.0
1272.0
1272.0
1272.0
1272.0
1272.0
1272.0
1272.0
1272.0
1272.0
1272.0
1266.3
1266.3
1266.3
1266.3
1266.3
1266.3
1266.3
1266.2
1266.2
1266.2
1266.2
1266.2
1266.2
1266.2
1266.2
1266.2
1266.2
1266.2
1266.2
1266.2
1266.2
1266.2
1266.2
1266.2
1266.2
1261.5
1261.5
1261.5
1261.5
1261.5
1261.5
1261.5
1261.5
1261.5
1261.5
1261.5
1261.5
1261.5
1261.5
1261.5
1261.5
1261.5
1261.5
1261.5
1261.5
1261.5
1261.5
1261.5
1261.5
1261.5
1261.5
1261.5
1261.5
1261.5
1261.5
1261.5
1261.5
1261.5
1261.5
1261.5
1261.5
1255.6
1255.6
1255.6
1255.6
1255.6
1255.6
1255.6
1255.6
1255.6
1255.6
1255.6
1255.6
1255.6
1255.6
1255.6
1255.6
1255.6
1255.6
1255.6
1255.6
1255.6
1255.6
1255.6
1255.6
1255.6
1255.6
1255.6
1255.6
1255.6
1255.6
1255.6
1255.6
1255.6
1255.6
1255.6
1255.6
1255.6
1255.6
1255.6
1255.6
1255.6
1255.6
1255.6
1255.6
1255.6
1255.6
1255.6
1255.6
1255.6
1255.6
1255.6
1255.6
1255.6
1255.6
1255.6
1255.6
1255.6
1255.6
1255.6
1255.6
1255.6
1255.6
1255.6
1255.6
1255.6
1255.6
1255.6
1255.6
1255.6
1255.6
1255.6
1255.6
1253.6
1253.6
1253.6
1253.6
1253.6
1253.6
1253.6
1253.6
1253.6
1253.6
1253.6
1253.6
1253.6
1253.6
1253.6
1253.6
1253.6
1253.6
1242.2
1242.2
1242.2
1242.2
1242.2
1242.2
1242.2
1242.2
1242.2
1242.2
1242.2
1242.2
1242.2
1242.2
1242.2
1242.2
1242.2
1242.2
1242.2
1242.2
1242.2
1242.2
1242.2
1242.2
1242.2
1242.2
1242.2
1242.2
1242.2
1242.2
1242.2
1242.2
1242.2
1242.2
1242.2
1242.2
1242.2
1242.2
1242.2
1242.2
1242.2
1242.2
1242.2
1242.2
1242.2
1242.2
1242.2
1242.2
1242.2
1242.2
1242.2
1242.2
1242.2
1242.2
1242.2
1242.2
1242.2
1242.2
1242.2
1242.2
1242.2
1242.2
1242.2
1242.2
1242.2
1242.2
1242.2
1242.2
1242.2
1242.2
1242.2
1242.2
1242.2
1242.2
1242.2
1242.2
1242.2
1242.2
1242.2
1242.2
1242.2
1242.2
1242.2
1242.2
1242.2
1242.2
1242.2
1242.2
1242.2
1242.2
1242.2
1242.2
1242.2
1242.2
1242.2
1242.2
1242.2
1242.2
1242.2
1242.2
1242.2
1242.2
1242.2
1242.2
1242.2
1242.2
1242.2
1242.2
1242.2
1242.2
1242.2
1242.2
1242.2
1242.2
1242.2
1242.2
1242.2
1242.2
1242.2
1228.8
1228.8
1228.8
1228.8
1228.8
1228.8
1228.8
1228.8
1228.8
1228.8
1228.8
1228.8
1228.8
1228.8
1228.8
1228.8
1228.8
1228.8
1228.8
1228.8
1228.8
1228.8
1228.8
1228.8
1228.8
1228.8
1228.8
1228.8
1228.8
1228.8
1228.8
1228.8
1228.8
1228.8
1228.8
1228.8
1228.8
1228.8
1228.8
1228.8
1228.8
1228.8
1228.8
1228.8
1228.8
1228.8
1228.8
1228.8
1228.8
1228.8
1228.8
1228.8
1228.8
1228.8
1228.8
1228.8
1228.8
1228.8
1228.8
1228.8
1228.8
1228.8
1228.8
1228.8
1228.8
1228.8
1228.8
1228.8
1228.8
1228.8
1228.8
1228.8
1228.8
1228.8
1228.8
1228.8
1228.8
1228.8
1228.8
1228.8
1228.8
1228.8
1228.8
1228.8
1221.7
1221.7
1221.7
1221.7
1221.7
1221.7
1213.2
1213.2
1213.2
1213.2
1213.2
1213.2
1213.2
1213.2
1213.2
1213.2
1213.2
1213.2
1213.2
1213.2
1213.2
1213.2
1213.2
1213.2
1213.2
1213.2
1213.2
1213.2
1213.2
1213.2
1213.2
1213.2
1213.2
1213.2
1213.2
1213.2
1213.2
1213.2
1213.2
1213.2
1213.2
1213.2
1213.2
1213.2
1213.2
1213.2
1213.2
1213.2
1213.2
1213.2
1213.2
1213.2
1213.2
1213.2
1213.2
1213.2
1213.2
1213.2
1213.2
1213.2
1213.2
1213.2
1213.2
1213.2
1213.2
1213.2
1213.2
1213.2
1213.2
1213.2
1213.2
1213.2
1213.2
1213.2
1213.2
1213.2
1213.2
1213.2
1213.2
1213.2
1213.2
1213.2
1213.2
1213.2
1213.2
1213.2
1213.2
1213.2
1213.2
1213.2
1213.2
1213.2
1213.2
1213.2
1213.2
1213.2
1213.2
1210.2
1210.2
1210.2
1210.2
1210.2
1210.2
1210.2
1210.2
1210.2
1210.2
1210.2
1210.2
1210.2
1210.2
1210.2
1210.2
1210.2
1210.2
1210.2
1210.2
1210.2
1210.2
1210.2
1210.2
1210.2
1210.2
1210.2
1210.2
1210.2
1210.2
1210.2
1210.2
1210.2
1210.2
1210.2
1210.2
1210.2
1210.2
1210.2
1210.2
1210.2
1210.2
1210.2
1210.2
1210.2
1210.2
1210.2
1210.2
1208.4
1208.4
1208.4
1208.4
1208.4
1208.4
1208.4
1208.4
1208.4
1208.4
1208.4
1208.4
1208.4
1208.4
1208.4
1208.4
1208.4
1208.4
1208.4
1208.4
1208.4
1208.4
1208.4
1208.4
1208.4
1208.4
1208.4
1208.4
1208.4
1208.4
1208.4
1208.4
1208.4
1208.4
1208.4
1208.4
1208.4
1208.4
1208.4
1208.4
1208.4
1208.4
1208.4
1208.4
1208.4
1208.4
1208.4
1208.4
1208.4
1208.4
1208.4
1208.4
1208.4
1208.4
1208.4
1208.4
1208.4
1208.4
1208.4
1208.4
1208.4
1208.4
1208.4
1208.4
1208.4
1208.4
1208.4
1208.4
1208.4
1208.4
1208.4
1208.4
1208.4
1208.4
1208.4
1208.4
1208.4
1208.4
1208.4
1208.4
1208.4
1208.4
1208.4
1208.4
1208.4
1208.4
1208.4
1208.4
1208.4
1208.4
1202.6
1202.6
1202.6
1202.6
1202.6
1202.6
1202.6
1202.6
1202.6
1199.7
1199.7
1199.7
1199.7
1199.7
1199.7
1199.7
1199.7
1199.7
1199.7
1199.7
1199.7
1199.7
1199.7
1199.7
1199.7
1199.7
1199.7
1199.7
1199.7
1199.7
1199.7
1199.7
1199.7
1199.7
1199.7
1199.7
1199.7
1199.7
1199.7
1199.7
1199.7
1199.7
1199.7
1199.7
1199.7
1199.7
1199.7
1199.7
1199.7
1199.7
1199.7
1199.7
1199.7
1199.7
1199.7
1199.7
1199.7
1199.7
1199.7
1199.7
1199.7
1199.7
1199.7
1199.7
1199.7
1199.7
1199.7
1199.7
1199.7
1199.7
1199.7
1199.7
1199.7
1199.7
1199.7
1199.7
1199.7
1199.7
1199.7
1198.5
1198.5
1198.5
1198.5
1198.5
1198.5
1198.5
1198.5
1198.5
1198.5
1198.5
1198.5
1198.5
1198.5
1198.5
1198.5
1198.5
1198.5
1198.5
1198.5
1198.5
1198.5
1198.5
1198.5
1198.5
1198.5
1198.5
1198.5
1198.5
1198.5
1198.5
1198.5
1198.5
1198.5
1198.5
1198.5
1198.5
1198.5
1198.5
1198.5
1198.5
1198.5
1198.5
1198.5
1198.5
1179.7
1179.7
1179.7
1179.7
1179.7
1179.7
1179.7
1179.7
1179.7
1179.7
1179.7
1179.7
1179.7
1178.4
1178.4
1178.4
1178.4
1178.4
1178.4
1178.4
1178.4
1178.4
1178.4
1178.4
1178.4
1178.4
1178.4
1178.4
1178.0
1178.0
1178.0
1178.0
1178.0
1178.0
1178.0
1178.0
1178.0
1178.0
1178.0
1178.0
1178.0
1178.0
1178.0
1178.0
1178.0
1178.0
1178.0
1178.0
1178.0
1178.0
1178.0
1178.0
1178.0
1178.0
1178.0
1178.0
1178.0
1178.0
1178.0
1178.0
1178.0
1178.0
1178.0
1178.0
1178.0
1178.0
1178.0
1178.0
1178.0
1178.0
1178.0
1178.0
1178.0
1178.0
1178.0
1178.0
1178.0
1178.0
1178.0
1178.0
1178.0
1178.0
1178.0
1178.0
1178.0
1178.0
1178.0
1178.0
1178.0
1178.0
1178.0
1178.0
1178.0
1178.0
1178.0
1178.0
1178.0
1178.0
1178.0
1178.0
1178.0
1178.0
1178.0
1178.0
1178.0
1178.0
1178.0
1178.0
1178.0
1178.0
1178.0
1178.0
1178.0
1178.0
1178.0
1178.0
1178.0
1178.0
1178.0
1178.0
1178.0
1178.0
1178.0
1178.0
1178.0
1178.0
1178.0
1178.0
1178.0
1158.4
1158.4
1158.4
1158.4
1158.4
1158.4
1158.4
1158.4
1158.4
1158.4
1158.4
1158.4
1158.4
1158.4
1158.4
1158.4
1158.4
1158.4
1158.4
1158.4
1158.4
1158.4
1158.4
1158.4
1158.4
1158.4
1158.4
1158.4
1158.4
1158.4
1158.4
1158.4
1158.4
1158.4
1158.4
1158.4
1158.4
1158.4
1158.4
1158.4
1158.4
1158.4
1158.4
1158.4
1158.4
1158.4
1158.4
1158.4
1158.4
1158.4
1158.4
1158.4
1158.4
1158.4
1158.4
1158.4
1158.4
1158.4
1158.4
1158.4
1158.4
1158.4
1149.3
1149.3
1149.3
1149.3
1149.3
1149.3
1149.3
1149.3
1149.3
1149.3
1149.3
1149.3
1149.3
1149.3
1149.3
1149.3
1149.3
1149.3
1149.3
1149.3
1149.3
1149.3
1149.3
1149.3
1149.3
1149.3
1149.3
1149.3
1149.3
1149.3
1149.3
1149.3
1149.3
1149.3
1149.3
1149.3
1149.3
1149.3
1149.3
1149.3
1149.3
1149.3
1149.3
1149.3
1149.3
1149.3
1149.3
1149.3
1149.3
1149.3
1149.3
1149.3
1149.3
1149.3
1149.3
1149.3
1149.3
1149.3
1149.3
1149.3
1149.3
1149.3
1149.3
1149.3
1149.3
1149.3
1149.3
1149.3
1149.3
1149.3
1149.3
1149.3
1149.3
1149.3
1149.3
1149.3
1149.3
1149.3
1149.3
1149.3
1149.3
1149.3
1149.3
1149.3
1149.3
1149.3
1149.3
1149.3
1149.3
1149.3
1149.3
1149.3
1149.3
1149.3
1149.3
1149.3
1149.3
1149.3
1149.3
1149.3
1149.3
1149.3
1149.3
1149.3
1149.3
1149.3
1149.3
1149.3
1149.3
1149.3
1149.3
1149.3
1149.3
1149.3
1149.3
1149.3
1149.3
1149.3
1149.3
1149.3
1149.3
1149.3
1149.3
1149.3
1149.3
1149.3
1149.3
1149.3
1149.3
1149.3
1149.3
1149.3
1149.3
1149.3
1149.3
1149.3
1149.3
1149.3
1149.3
1149.3
1149.3
1149.3
1149.3
1149.3
1149.3
1149.3
1149.3
1149.3
1149.3
1149.3
1149.3
1149.3
1149.3
1149.3
1149.3
1149.3
1149.3
1149.3
1149.3
1149.3
1149.3
1149.3
1149.3
1149.3
1149.3
1149.3
1149.3
1149.3
1149.3
1149.3
1149.3
1149.3
1149.3
1149.3
1149.3
1149.3
1149.3
1149.3
1149.3
1149.3
1149.3
1149.3
1149.3
1149.3
1149.3
1149.3
1149.3
1149.3
1149.3
1149.3
1149.3
1149.3
1149.3
1149.3
1149.3
1149.3
1149.3
1149.3
1149.3
1149.3
1149.3
1149.3
1149.3
1149.3
1149.3
1148.7
1148.7
1148.7
1148.7
1148.7
1148.7
1148.7
1148.7
1148.7
1148.7
1148.7
1148.7
1148.7
1148.7
1148.7
1148.7
1148.7
1148.7
1148.7
1148.7
1148.7
1148.7
1148.7
1148.7
1148.7
1148.7
1148.7
1148.7
1148.7
1148.7
1148.7
1148.7
1148.7
1148.7
1148.7
1148.7
1148.7
1148.7
1148.7
1148.7
1148.7
1148.7
1148.7
1148.7
1148.7
1148.7
1148.7
1148.7
1148.7
1148.7
1148.7
1148.7
1148.7
1148.7
1148.7
1148.7
1148.7
1148.7
1148.7
1148.7
1148.7
1148.7
1148.7
1148.7
1148.7
1148.7
1148.7
1148.7
1148.7
1148.7
1148.7
1148.7
1148.7
1148.7
1148.7
1148.7
1148.7
1148.7
1148.7
1147.1
1147.1
1144.8
1144.8
1144.8
1144.8
1144.8
1144.8
1144.8
1144.8
1144.8
1144.8
1144.8
1144.8
1144.8
1144.8
1144.8
1144.8
1144.8
1144.8
1144.8
1144.8
1144.8
1144.8
1144.8
1144.8
1144.8
1144.8
1144.8
1144.8
1144.8
1144.8
1144.8
1144.8
1144.8
1144.8
1144.8
1144.8
1144.8
1144.8
1144.8
1144.8
1144.8
1144.8
1144.8
1144.8
1144.8
1144.8
1144.8
1144.8
1144.8
1144.8
1144.8
1144.8
1144.8
1144.8
1144.8
1144.8
1144.8
1144.8
1144.8
1144.8
1144.8
1144.8
1144.8
1144.8
1144.8
1144.8
1144.8
1144.8
1144.8
1144.8
1144.8
1144.8
1144.8
1144.8
1144.8
1144.8
1144.8
1144.8
1144.8
1144.8
1144.8
1144.8
1144.8
1144.8
1144.5
1144.5
1144.5
1144.5
1144.5
1144.5
1144.5
1144.5
1144.5
1144.5
1144.5
1144.5
1144.5
1144.5
1144.5
1144.5
1144.5
1144.5
1144.5
1144.5
1144.5
1144.5
1144.5
1144.5
1144.5
1144.5
1144.5
1144.5
1144.5
1144.5
1144.5
1144.5
1144.5
1144.5
1144.5
1144.5
1144.5
1144.5
1144.5
1144.5
1144.5
1144.5
1144.5
1144.5
1144.5
1144.5
1144.5
1144.5
1144.5
1144.5
1144.5
1144.5
1144.5
1144.5
1144.5
1144.5
1144.5
1144.5
1144.5
1144.5
1144.5
1144.5
1144.5
1144.5
1144.5
1144.5
1144.5
1144.5
1144.5
1144.5
1144.5
1144.5
1144.5
1144.5
1144.5
1144.5
1144.5
1144.5
1144.5
1144.5
1144.5
1144.5
1144.5
1144.5
1144.5
1144.5
1144.5
1144.5
1144.5
1144.5
1144.5
1144.5
1144.5
1144.5
1144.5
1144.5
1144.5
1144.5
1144.5
1144.5
1144.5
1144.5
1144.5
1144.5
1144.5
1144.5
1144.5
1144.5
1143.0
1143.0
1143.0
1143.0
1143.0
1143.0
1143.0
1143.0
1143.0
1143.0
1143.0
1143.0
1143.0
1143.0
1143.0
1143.0
1143.0
1143.0
1143.0
1143.0
1143.0
1143.0
1143.0
1143.0
1143.0
1136.8
1136.8
1136.8
1136.8
1136.8
1136.8
1136.8
1136.8
1136.8
1136.8
1136.8
1136.8
1136.8
1136.8
1136.8
1136.8
1136.8
1136.8
1136.8
1136.8
1136.8
1136.8
1136.8
1136.8
1136.8
1136.8
1136.8
1136.8
1136.8
1136.8
1136.8
1136.8
1136.8
1136.8
1136.8
1136.8
1136.8
1136.8
1136.8
1136.8
1136.8
1136.8
1136.8
1136.8
1136.8
1136.8
1136.8
1136.8
1136.8
1136.8
1136.8
1136.8
1136.8
1136.8
1136.8
1136.8
1136.8
1136.8
1136.8
1136.8
1136.8
1136.8
1136.8
1136.8
1136.8
1136.8
1136.8
1136.8
1136.8
1136.8
1136.8
1136.8
1136.8
1136.8
1136.8
1136.8
1136.8
1136.8
1136.8
1136.8
1136.8
1136.8
1136.8
1119.1
1119.1
1119.1
1119.1
1119.1
1119.1
1119.1
1119.1
1119.1
1119.1
1119.1
1119.1
1119.1
1119.1
1119.1
1119.1
1119.1
1119.1
1119.1
1119.1
1119.1
1119.1
1119.1
1119.1
1119.1
1119.1
1119.1
1119.1
1119.1
1119.1
1119.1
1119.1
1119.1
1119.1
1119.1
1119.1
1119.1
1119.1
1119.1
1119.1
1119.1
1119.1
1119.1
1119.1
1119.1
1119.1
1119.1
1119.1
1119.1
1119.1
1119.1
1119.1
1119.1
1119.1
1119.1
1119.1
1119.1
1119.1
1119.1
1119.1
1119.1
1119.1
1119.1
1119.1
1119.1
1119.1
1119.1
1119.1
1119.1
1119.1
1118.8
1118.8
1118.8
1118.8
1118.8
1118.8
1118.8
1118.8
1118.8
1118.8
1112.6
1112.6
1112.6
1112.6
1112.6
1112.6
1112.6
1112.6
1112.6
1112.6
1112.6
1112.6
1112.6
1112.6
1112.6
1112.6
1112.6
1112.6
1112.6
1112.6
1112.6
1112.6
1112.6
1112.6
1112.6
1112.6
1112.6
1112.6
1112.6
1112.6
1112.6
1112.6
1112.6
1112.6
1112.5
1112.5
1112.5
1112.5
1112.5
1112.5
1112.5
1112.5
1112.5
1112.5
1112.5
1112.5
1112.5
1112.5
1112.5
1112.5
1112.5
1112.5
1112.5
1112.5
1112.5
1112.5
1112.5
1112.5
1112.5
1112.5
1112.5
1112.5
1112.5
1112.5
1112.5
1112.5
1112.5
1112.5
1112.5
1112.5
1112.5
1112.5
1112.5
1112.5
1112.5
1112.5
1112.5
1112.5
1112.5
1112.5
1112.5
1112.5
1112.5
1112.5
1112.5
1112.5
1112.5
1112.5
1112.5
1112.5
1112.5
1112.5
1112.5
1112.5
1112.5
1112.5
1112.5
1112.5
1112.5
1112.5
1112.5
1112.5
1112.5
1112.5
1112.5
1112.5
1112.5
1112.5
1112.5
1112.5
1112.5
1112.5
1112.5
1112.5
1112.5
1112.5
1112.5
1112.5
1112.5
1112.5
1112.5
1112.5
1112.5
1112.5
1112.5
1112.5
1112.5
1112.5
1112.5
1112.5
1112.5
1112.5
1112.5
1112.5
1112.5
1112.5
1112.5
1112.5
1112.5
1112.5
1112.5
1112.5
1112.5
1112.5
1112.5
1112.5
1112.5
1112.5
1112.5
1112.5
1112.5
1112.5
1112.5
1112.5
1112.5
1112.5
1112.5
1112.5
1112.5
1112.5
1112.5
1112.5
1112.5
1112.5
1112.5
1112.5
1112.5
1112.5
1112.5
1112.5
1112.5
1112.5
1112.5
1112.5
1112.5
1112.5
1112.5
1112.5
1112.5
1112.5
1112.5
1112.5
1112.5
1112.5
1112.5
1112.5
1112.5
1112.5
1112.5
1112.5
1112.5
1112.5
1112.5
1112.5
1112.5
1112.5
1112.5
1112.5
1112.5
1112.2
1112.2
1112.2
1112.2
1112.2
1112.2
1112.2
1112.2
1112.2
1112.2
1112.2
1112.2
1112.2
1112.2
1112.2
1112.2
1112.2
1112.2
1112.2
1112.2
1112.2
1112.2
1112.2
1112.2
1112.2
1112.2
1112.2
1112.2
1112.2
1112.2
1112.2
1112.2
1112.2
1112.2
1112.2
1112.2
1112.2
1112.2
1112.2
1112.2
1112.2
1112.2
1112.2
1112.2
1112.2
1112.2
1112.2
1112.2
1112.2
1112.2
1112.2
1112.2
1112.2
1112.2
1112.2
1112.2
1112.2
1112.2
1112.2
1112.2
1112.2
1112.2
1112.2
1112.2
1112.2
1112.2
1112.2
1112.2
1112.2
1112.2
1112.2
1112.2
1112.2
1112.2
1112.2
1112.2
1112.2
1112.2
1112.2
1112.2
1112.2
1112.2
1112.2
1112.2
1112.2
1112.2
1112.2
1112.2
1112.2
1112.2
1112.2
1112.2
1112.2
1112.2
1112.2
1112.2
1112.2
1112.2
1112.2
1112.2
1112.2
1112.2
1112.2
1112.2
1112.2
1112.2
1112.2
1112.2
1112.2
1112.2
1112.2
1112.2
1112.2
1112.2
1112.2
1112.2
1112.2
1112.2
1112.2
1112.2
1112.2
1112.2
1112.2
1112.2
1112.2
1112.2
1112.2
1112.2
1112.2
1112.2
1112.2
1112.2
1112.2
1112.2
1112.2
1112.2
1112.2
1112.2
1112.2
1112.2
1112.2
1112.2
1112.2
1112.2
1112.2
1112.2
1112.2
1112.2
1112.2
1112.2
1112.2
1112.2
1112.2
1112.2
1112.2
1112.2
1112.2
1112.2
1112.2
1112.2
1112.2
1112.2
1112.2
1112.2
1112.2
1112.2
1112.2
1112.2
1112.2
1112.2
1112.2
1112.2
1112.2
1112.2
1112.2
1112.2
1112.2
1112.2
1112.2
1112.2
1112.2
1112.2
1112.2
1112.2
1112.2
1112.2
1112.2
1112.2
1112.2
1112.2
1112.2
1112.2
1112.2
1112.2
1112.2
1112.2
1112.2
1112.2
1112.2
1112.2
1112.2
1112.2
1112.2
1112.2
1112.2
1112.2
1112.2
1112.2
1112.2
1112.2
1112.2
1112.2
1112.2
1112.2
1112.2
1112.2
1112.2
1112.2
1112.2
1112.2
1112.2
1112.2
1112.2
1112.2
1112.2
1112.2
1112.2
1112.2
1112.2
1112.2
1112.2
1112.2
1112.2
1112.2
1112.2
1112.2
1112.2
1112.2
1112.2
1112.2
1112.2
1112.2
1112.2
1112.2
1112.2
1112.2
1112.2
1112.2
1112.2
1112.2
1112.2
1112.2
1112.2
1112.2
1112.2
1112.2
1112.2
1112.2
1112.2
1112.2
1112.2
1112.2
1112.2
1112.2
1112.2
1112.2
1112.2
1112.2
1112.2
1112.2
1112.2
1112.2
1112.2
1112.2
1112.2
1112.2
1112.2
1112.2
1112.2
1112.2
1112.2
1112.2
1100.3
1100.3
1100.3
1100.3
1100.3
1100.3
1100.3
1100.3
1100.3
1100.3
1100.3
1100.3
1100.3
1100.3
1100.3
1100.3
1100.3
1100.3
1100.3
1100.3
1100.3
1100.3
1100.3
1100.3
1100.3
1100.3
1100.3
1100.3
1100.3
1100.3
1100.3
1100.3
1100.3
1100.3
1100.3
1100.3
1100.3
1100.3
1100.3
1100.3
1093.8
1093.8
1093.8
1085.0
1085.0
1085.0
1085.0
1085.0
1085.0
1085.0
1085.0
1085.0
1085.0
1085.0
1085.0
1085.0
1085.0
1085.0
1085.0
1085.0
1085.0
1085.0
1085.0
1085.0
1085.0
1085.0
1085.0
1085.0
1085.0
1085.0
1085.0
1085.0
1085.0
1085.0
1085.0
1085.0
1085.0
1085.0
1085.0
1085.0
1085.0
1085.0
1085.0
1085.0
1085.0
1085.0
1085.0
1085.0
1085.0
1085.0
1085.0
1085.0
1085.0
1085.0
1085.0
1085.0
1085.0
1085.0
1085.0
1085.0
1085.0
1085.0
1085.0
1085.0
1085.0
1085.0
1085.0
1085.0
1085.0
1085.0
1085.0
1085.0
1085.0
1085.0
1085.0
1085.0
1085.0
1085.0
1085.0
1085.0
1085.0
1085.0
1085.0
1085.0
1085.0
1085.0
1085.0
1085.0
1085.0
1085.0
1085.0
1085.0
1085.0
1074.7
1074.7
1074.7
1074.7
1074.7
1074.7
1074.7
1074.7
1074.7
1074.7
1074.7
1074.7
1074.7
1074.7
1074.7
1074.7
1074.7
1074.7
1074.7
1074.7
1074.7
1074.7
1074.7
1074.7
1074.7
1074.7
1074.7
1074.7
1072.3
1072.3
1072.3
1072.3
1072.3
1072.3
1072.3
1072.3
1072.3
1072.3
1072.3
1072.3
1072.3
1072.3
1072.3
1072.3
1072.3
1072.3
1072.3
1072.3
1072.3
1072.3
1072.3
1072.3
1072.3
1072.3
1072.3
1072.3
1072.3
1072.3
1072.3
1072.3
1072.3
1072.3
1072.3
1072.3
1072.3
1072.3
1072.3
1072.3
1072.3
1072.3
1072.3
1072.3
1072.3
1072.3
1072.3
1072.3
1072.3
1072.3
1072.3
1072.3
1072.3
1072.3
1072.3
1072.3
1072.3
1072.3
1072.3
1072.3
1072.3
1072.3
1072.3
1072.3
1072.3
1072.3
1072.3
1071.2
1071.2
1071.2
1071.2
1071.2
1071.2
1071.2
1071.2
1071.2
1071.2
1071.2
1071.2
1071.2
1071.2
1071.2
1071.2
1071.2
1071.2
1071.2
1071.2
1071.2
1071.2
1071.2
1071.2
1071.2
1071.2
1071.2
1071.2
1071.2
1071.2
1071.2
1071.2
1071.2
1071.2
1071.2
1071.2
1071.2
1071.2
1071.2
1071.2
1071.2
1071.2
1071.2
1071.2
1071.2
1071.2
1071.2
1071.2
1071.2
1071.2
1071.2
1071.2
1071.2
1071.2
1071.2
1071.2
1071.2
1071.2
1071.2
1071.2
1071.2
1071.2
1071.2
1071.2
1071.2
1071.2
1071.2
1071.2
1071.2
1071.2
1071.2
1071.2
1071.2
1071.2
1071.2
1071.2
1071.2
1071.2
1071.2
1071.2
1071.2
1071.2
1071.2
1071.2
1071.2
1071.2
1071.2
1071.2
1071.2
1071.2
1071.2
1071.2
1071.2
1071.2
1071.2
1071.2
1071.2
1071.2
1071.2
1071.2
1071.2
1071.2
1071.2
1071.2
1071.2
1071.2
1071.2
1071.2
1071.2
1071.2
1071.2
1071.2
1071.2
1071.2
1071.2
1071.2
1071.2
1071.2
1062.5
1062.5
1062.5
1062.5
1062.5
1062.5
1062.5
1062.5
1062.5
1062.5
1062.5
1062.5
1062.5
1062.5
1062.5
1062.5
1062.5
1062.5
1062.5
1062.5
1062.5
1062.5
1062.5
1062.5
1062.5
1062.5
1062.5
1062.5
1062.5
1062.5
1062.5
1062.5
1062.5
1062.5
1062.5
1062.5
1062.5
1062.5
1062.5
1062.5
1062.5
1062.5
1062.5
1062.5
1052.9
1052.9
1052.9
1052.9
1052.9
1052.9
1052.9
1052.9
1052.9
1052.9
1052.9
1052.9
1052.9
1052.9
1052.9
1052.9
1052.9
1052.9
1052.9
1052.9
1052.9
1052.9
1052.9
1052.9
1052.9
1052.9
1052.9
1052.9
1052.9
1052.9
1052.9
1052.9
1052.9
1052.9
1052.9
1052.9
1052.9
1052.9
1052.9
1052.9
1052.9
1052.9
1052.9
1052.9
1052.9
1052.9
1052.9
1052.9
1052.9
1052.9
1052.9
1052.9
1052.9
1052.9
1052.9
1052.9
1052.9
1052.9
1052.9
1052.9
1052.9
1052.9
1052.9
1052.9
1052.9
1052.9
1052.9
1052.9
1052.9
1052.9
1052.9
1052.9
1052.9
1052.9
1052.9
1052.9
1052.9
1052.9
1052.9
1052.9
1052.9
1052.9
1052.9
1052.9
1052.9
1052.9
1052.9
1052.9
1052.9
1052.9
1052.9
1052.9
1052.9
1052.9
1052.9
1052.9
1052.9
1052.9
1052.9
1052.9
1052.9
1052.9
1052.9
1052.9
1052.9
1052.9
1052.9
1052.9
1052.9
1048.5
1048.5
1048.5
1048.5
1048.5
1048.5
1048.5
1048.5
1048.5
1048.5
1048.5
1048.4
1048.4
1048.4
1048.4
1048.4
1047.2
1047.2
1047.2
1047.2
1047.2
1047.2
1045.3
1045.3
1045.3
1045.3
1045.3
1045.3
1045.3
1045.3
1045.3
1045.3
1045.3
1045.3
1045.3
1045.3
1045.3
1045.3
1045.3
1045.3
1045.3
1045.3
1045.3
1045.3
1045.3
1045.3
1045.3
1045.3
1045.3
1045.3
1045.3
1045.3
1045.3
1045.3
1045.3
1045.3
1045.3
1045.3
1045.3
1045.3
1045.3
1045.3
1045.3
1045.3
1045.3
1045.3
1045.3
1045.3
1045.3
1045.3
1045.3
1045.3
1045.3
1045.3
1045.3
1045.3
1045.3
1045.3
1045.3
1045.3
1045.3
1045.3
1045.3
1045.3
1045.3
1045.3
1045.3
1045.3
1045.3
1045.3
1045.3
1045.3
1045.3
1045.3
1045.3
1045.3
1045.3
1045.3
1045.3
1045.3
1045.3
1045.3
1045.3
1045.3
1045.3
1045.3
1045.3
1045.3
1045.3
1045.3
1045.3
1045.3
1045.3
1045.3
1045.3
1045.3
1045.3
1045.3
1045.3
1045.3
1045.3
1045.3
1045.3
1045.3
1045.3
1045.3
1045.3
1045.3
1045.3
1045.3
1045.3
1045.3
1045.3
1045.3
1045.3
1045.3
1045.3
1045.3
1045.3
1045.3
1045.3
1045.3
1045.3
1045.3
1045.3
1045.3
1045.3
1045.3
1045.3
1045.3
1045.3
1045.3
1045.3
1045.3
1045.3
1045.3
1045.3
1045.3
1045.3
1045.3
1045.3
1045.3
1045.3
1045.3
1045.3
1045.3
1045.3
1045.3
1045.3
1045.3
1045.3
1045.3
1045.3
1045.3
1045.3
1045.3
1045.3
1045.3
1045.3
1045.3
1045.3
1045.3
1045.3
1045.3
1045.3
1045.3
1045.3
1045.3
1045.3
1045.3
1045.3
1045.3
1045.3
1045.3
1045.3
1045.3
1045.3
1045.3
1045.3
1045.3
1045.3
1045.3
1045.3
1045.3
1045.3
1045.3
1045.3
1045.3
1045.3
1045.3
1045.3
1045.3
1045.3
1045.3
1045.3
1045.3
1045.3
1045.3
1045.3
1045.3
1045.3
1045.3
1045.3
1045.3
1045.3
1045.3
1045.3
1045.3
1045.3
1045.3
1045.3
1045.3
1045.3
1045.3
1045.3
1045.3
1045.3
1045.3
1045.3
1045.3
1045.3
1045.3
1045.3
1045.3
1045.3
1045.3
1045.3
1045.3
1045.3
1045.3
1045.3
1045.3
1045.3
1045.3
1045.3
1045.3
1045.3
1045.3
1045.3
1045.3
1045.3
1045.3
1045.3
1045.3
1045.3
1045.3
1045.3
1045.3
1045.3
1045.3
1045.3
1045.3
1045.3
1045.3
1045.3
1045.3
1045.3
1045.3
1045.3
1045.3
1045.3
1045.3
1045.3
1045.3
1045.3
1045.3
1045.3
1045.3
1042.9
1042.9
1042.9
1042.9
1042.9
1042.9
1042.9
1042.9
1042.9
1042.9
1042.9
1042.9
1042.9
1042.9
1042.9
1042.9
1042.9
1042.9
1042.9
1042.9
1042.9
1042.9
1042.9
1042.9
1042.9
1042.9
1042.9
1042.9
1042.9
1042.9
1042.9
1042.9
1042.9
1042.9
1042.9
1042.9
1042.9
1042.9
1042.9
1042.9
1042.9
1042.9
1042.9
1042.9
1042.9
1042.9
1042.9
1042.9
1042.9
1042.9
1042.9
1042.9
1042.9
1042.9
1042.9
1042.9
1042.9
1042.9
1042.9
1042.9
1042.9
1042.9
1042.9
1042.9
1042.9
1042.9
1042.9
1042.9
1042.9
1042.9
1042.9
1042.9
1042.9
1042.9
1042.9
1042.9
1042.9
1042.9
1042.9
1042.9
1042.9
1042.9
1042.9
1042.9
1042.9
1042.9
1042.9
1042.9
1042.9
1042.9
1042.9
1042.9
1042.9
1042.9
1042.9
1042.9
1042.9
1042.9
1042.9
1042.9
1041.6
1041.6
1041.6
1041.6
1041.6
1041.6
1041.6
1041.6
1041.6
1041.6
1041.6
1041.6
1041.6
1041.6
1041.6
1041.6
1041.6
1041.6
1041.6
1041.6
1041.6
1041.6
1041.6
1041.6
1041.6
1041.6
1041.6
1041.6
1041.6
1041.6
1041.6
1041.6
1041.6
1041.6
1041.6
1041.6
1041.6
1041.6
1041.6
1041.6
1041.6
1041.6
1041.6
1041.6
1041.6
1041.6
1041.6
1041.6
1041.6
1041.6
1041.6
1041.6
1041.6
1041.6
1041.6
1041.6
1041.6
1041.6
1041.6
1041.6
1041.6
1041.6
1041.6
1041.6
1041.6
1041.6
1041.6
1041.6
1041.6
1041.6
1041.6
1041.6
1041.6
1041.6
1041.6
1041.6
1041.6
1041.6
1041.6
1041.6
1041.6
1041.6
1041.6
1041.6
1041.6
1041.6
1041.6
1041.6
1041.6
1041.6
1041.6
1041.6
1041.6
1041.6
1041.6
1041.6
1041.6
1041.6
1041.6
1041.6
1041.6
1041.6
1041.6
1041.6
1041.6
1041.6
1041.6
1041.6
1041.6
1041.6
1041.6
1041.6
1041.6
1041.6
1041.6
1041.6
1041.6
1041.6
1041.6
1041.6
1041.6
1041.6
1041.6
1041.6
1041.6
1041.6
1041.6
1041.6
1041.6
1041.6
1041.6
1041.6
1041.6
1041.6
1041.6
1041.6
1041.6
1041.6
1041.6
1041.6
1041.6
1041.6
1041.6
1041.6
1041.6
1041.6
1041.6
1041.6
1041.6
1041.6
1041.6
1041.6
1041.6
1041.6
1041.6
1041.6
1041.6
1041.6
1041.6
1041.6
1041.6
1041.6
1041.6
1041.6
1041.6
1041.6
1041.6
1041.6
1041.6
1041.6
1041.6
1041.6
1041.6
1041.6
1041.6
1041.6
1041.6
1041.6
1041.6
1041.6
1041.6
1041.6
1041.6
1041.6
1041.6
1041.6
1041.6
1041.6
1041.6
1041.6
1038.7
1038.7
1038.7
1038.7
1038.7
1038.7
1038.7
1038.7
1038.7
1038.7
1038.7
1038.7
1038.7
1038.7
1038.7
1038.7
1038.7
1038.7
1038.7
1038.7
1038.7
1038.7
1038.7
1038.7
1038.7
1038.7
1038.7
1038.7
1038.7
1038.7
1038.7
1038.7
1038.7
1038.7
1038.7
1038.7
1038.7
1038.7
1038.7
1038.7
1038.7
1038.7
1038.7
1038.7
1038.7
1038.7
1038.7
1038.7
1038.7
1038.7
1038.7
1038.7
1038.7
1038.7
1038.7
1038.7
1038.7
1038.7
1038.7
1038.7
1038.7
1038.7
1038.7
1038.7
1038.7
1038.7
1038.6
1038.6
1038.6
1038.6
1038.6
1038.6
1038.6
1038.6
1038.6
1038.6
1038.6
1038.6
1038.6
1038.6
1038.6
1038.6
1038.6
1038.6
1038.6
1038.6
1038.6
1038.6
1038.6
1038.6
1038.6
1038.6
1038.6
1038.6
1038.6
1038.6
1038.6
1034.2
1034.2
1034.2
1034.2
1034.2
1034.2
1034.2
1034.2
1034.2
1034.2
1034.2
1034.2
1034.2
1034.2
1034.2
1034.2
1034.2
1034.2
1034.2
1034.2
1034.2
1034.2
1034.2
1034.2
1034.2
1034.2
1034.2
1034.2
1034.2
1034.2
1034.2
1034.2
1034.2
1034.2
1034.2
1034.2
1034.2
1034.2
1034.2
1034.2
1034.2
1034.2
1034.2
1034.2
1034.2
1034.2
1034.2
1034.2
1034.2
1034.2
1034.2
1034.2
1034.2
1034.2
1034.2
1034.2
1034.2
1034.2
1034.2
1034.2
1026.3
1026.3
1026.3
1026.3
1026.3
1026.3
1026.3
1026.3
1026.3
1026.3
1026.3
1026.3
1026.3
1026.3
1026.3
1026.3
1026.3
1026.3
1026.3
1026.3
1026.3
1026.3
1026.3
1026.3
1026.3
1026.3
1026.3
1026.3
1026.3
1026.3
1026.3
1026.3
1026.3
1026.3
1026.3
1026.3
1026.3
1026.3
1026.3
1026.3
1026.3
1026.3
1026.3
1026.3
1026.3
1026.3
1026.3
1026.3
1026.3
1026.3
1026.3
1026.3
1026.3
1026.3
1026.3
1026.3
1026.3
1026.3
1026.3
1026.3
1026.3
1026.3
1026.3
1026.3
1026.3
1026.3
1026.3
1026.3
1026.3
1026.3
1026.3
1026.3
1026.3
1026.3
1026.3
1026.3
1026.3
1026.3
1026.3
1026.3
1026.3
1026.3
1026.3
1026.3
1026.3
1026.3
1026.3
1026.3
1026.3
1026.3
1026.3
1026.3
1026.3
1026.3
1026.3
1026.3
1026.3
1026.3
1026.3
1026.3
1026.3
1026.3
1026.3
1026.3
1026.3
1026.3
1026.3
1026.3
1026.3
1026.3
1026.3
1026.3
1026.3
1026.3
1026.3
1026.3
1026.3
1026.3
1026.3
1026.3
1026.3
1026.3
1026.3
1026.3
1026.3
1026.3
1026.3
1026.3
1026.3
1026.3
1026.3
1026.3
1026.3
1026.3
1026.3
1026.3
1026.3
1026.3
1026.3
1026.3
1026.3
1026.3
1026.3
1026.3
1026.3
1026.3
1026.3
1026.3
1026.3
1026.3
1026.3
1026.3
1026.3
1026.3
1026.3
1026.3
1026.3
1026.3
1026.3
1026.3
1026.3
1026.3
1026.3
1026.3
1026.3
1026.3
1026.3
1026.3
1026.3
1026.3
1026.3
1026.3
1026.3
1026.3
1026.3
1026.3
1026.3
1026.3
1026.3
1026.3
1026.3
1026.3
1026.3
1026.3
1026.3
1026.3
1026.3
1026.3
1026.3
1026.3
1026.3
1026.3
1026.3
1026.3
1026.3
1026.3
1026.3
1026.3
1026.3
1026.3
1026.3
1026.3
1026.3
1026.3
1026.3
1026.3
1026.3
1026.3
1026.3
1026.3
1026.3
1026.3
1026.3
1026.3
1026.3
1026.3
1026.3
1026.3
1026.3
1026.3
1026.3
1026.3
1026.3
1026.3
1026.3
1026.3
1026.3
1026.3
1026.3
1026.3
1026.3
1026.3
1026.3
1026.3
1026.3
1026.3
1026.3
1026.3
1026.3
1026.3
1026.3
1026.3
1026.3
1026.3
1026.3
1026.3
1026.3
1026.3
1026.3
1026.3
1026.3
1026.3
1026.3
1026.3
1026.3
1026.3
1026.3
1026.3
1026.3
1026.3
1026.3
1026.3
1026.3
1026.3
1026.3
1026.3
1026.3
1026.3
1026.3
1026.3
1026.3
1026.3
1026.3
1026.3
1026.3
1026.3
1026.3
1026.3
1026.3
1026.3
1026.3
1026.3
1026.3
1026.3
1026.3
1026.3
1026.3
1026.3
1026.3
1026.3
1026.3
1026.3
1026.3
1026.3
1026.3
1026.3
1026.3
1026.3
1026.3
1026.3
1026.3
1026.3
1026.3
1026.3
1026.3
1026.3
1026.3
1026.3
1026.3
1026.3
1026.3
1026.3
1026.3
1026.3
1026.3
1026.3
1026.3
1026.3
1026.3
1026.3
1026.3
1026.3
1026.3
1026.3
1026.3
1026.3
1026.3
1026.3
1026.3
1026.3
1026.3
1026.3
1026.3
1026.3
1026.3
1026.3
1026.3
1026.3
1026.3
1026.3
1026.3
1026.3
1026.3
1026.3
1026.3
1026.3
1026.3
1026.3
1026.3
1026.3
1026.3
1026.3
1026.3
1026.3
1026.3
1026.3
1026.3
1026.3
1026.3
1026.3
1026.3
1026.3
1026.3
1026.3
1026.3
1026.3
1026.3
1026.3
1026.3
1026.3
1026.3
1026.3
1026.3
1026.3
1026.3
1026.3
1026.3
1026.3
1026.3
1026.3
1026.3
1026.3
1026.3
1026.3
1026.3
1026.3
1026.3
1026.3
1026.3
1026.3
1026.3
1026.3
1026.3
1026.3
1026.3
1026.3
1026.3
1026.3
1026.3
1026.3
1026.3
1026.3
1026.3
1026.3
1026.3
1026.3
1026.3
1026.3
1026.3
1026.3
1026.3
1026.3
1026.3
1026.3
1026.3
1026.3
1026.3
1026.3
1026.3
1026.3
1026.3
1026.3
1026.3
1026.3
1026.3
1026.3
1026.3
1026.3
1026.3
1026.3
1026.3
1026.3
1026.3
1026.3
1026.3
1026.3
1026.3
1026.3
1026.3
1026.3
1026.3
1026.3
1026.3
1026.3
1026.3
1026.3
1026.3
1026.3
1026.3
1026.3
1026.3
1026.3
1026.3
1026.3
1026.3
1026.3
1026.3
1026.3
1026.3
1026.3
1026.3
1026.3
1026.3
1026.3
1026.3
1026.3
1026.3
1026.3
1026.3
1026.3
1026.3
1026.3
1026.3
1026.3
1026.3
1026.3
1026.3
1026.3
1026.3
1026.3
1026.3
1026.3
1026.3
1026.3
1026.3
1026.3
1026.3
1026.3
1026.3
1026.3
1026.3
1026.3
1026.3
1026.3
1026.3
1026.3
1026.3
1026.3
1026.3
1026.3
1026.3
1026.3
1026.3
1026.3
1026.3
1026.3
1026.3
1026.3
1026.3
1026.3
1026.3
1026.3
1026.3
1026.3
1026.3
1026.3
1026.3
1026.3
1026.3
1026.3
1026.3
1026.3
1026.3
1026.3
1026.3
1026.3
1026.3
1026.3
1026.3
1026.3
1026.3
1026.3
1026.3
1026.3
1026.3
1026.3
1026.3
1026.3
1026.3
1026.3
1026.3
1026.3
1026.3
1026.3
1026.3
1026.3
1026.3
1026.3
1026.3
1026.3
1026.3
1026.3
1026.3
1026.3
1026.3
1026.3
1026.3
1026.3
1026.3
1026.3
1026.3
1026.3
1026.3
1026.3
1026.3
1026.3
1026.3
1026.3
1026.3
1026.3
1026.3
1026.3
1026.3
1026.3
1026.3
1026.3
1026.3
1026.3
1026.3
1026.3
1026.3
1026.3
1026.3
1026.3
1026.3
1026.3
1026.3
1026.3
1026.3
1026.3
1026.3
1026.3
1026.3
1026.3
1026.3
1026.3
1026.3
1026.3
1026.3
1026.3
1026.3
1026.3
1026.3
1026.3
1026.3
1026.3
1026.3
1026.3
1026.3
1026.3
1026.3
1026.3
1026.3
1026.3
1026.3
1026.3
1026.3
1026.3
1026.3
1026.3
1026.3
1026.3
1026.3
1026.3
1026.3
1026.3
1026.3
1026.3
1026.3
1026.3
1026.3
1026.3
1026.3
1026.3
1026.3
1026.3
1026.3
1026.3
1026.3
1026.3
1026.3
1026.3
1026.3
1026.3
1026.3
1026.3
1026.3
1026.3
1026.3
1026.3
1026.3
1026.3
1026.3
1026.3
1026.3
1023.8
1023.8
1023.8
1023.8
1023.8
1023.8
1023.8
1023.8
1023.8
1023.8
1023.8
1023.8
1023.8
1023.8
1023.8
1023.8
1023.8
1023.8
1023.8
1023.8
1023.8
1023.8
1022.5
1022.5
1022.5
1022.5
1022.5
1022.5
1022.5
1022.5
1022.5
1022.5
1022.5
1022.5
1022.5
1022.5
1022.5
1022.5
1022.5
1022.5
1022.5
1022.5
1022.5
1022.5
1022.5
1022.5
1022.5
1022.5
1022.5
1022.5
1022.5
1022.5
1022.5
1022.5
1022.5
1022.5
1022.5
1022.5
1022.5
1022.5
1022.5
1022.5
1022.5
1022.5
1022.5
1022.5
1022.5
1022.5
1022.5
1022.5
1022.5
1022.5
1022.5
1022.5
1022.5
1022.5
1022.5
1022.5
1022.5
1022.5
1022.5
1022.5
1022.5
1022.5
1022.5
1022.5
1022.5
1022.5
1022.5
1022.5
1022.5
1022.5
1022.5
1022.5
1022.5
1022.5
1022.5
1022.5
1022.5
1022.5
1022.5
1022.5
1022.5
1022.5
1022.5
1022.5
1022.5
1022.5
1022.5
1022.5
1022.5
1022.5
1022.5
1022.5
1022.5
1022.5
1022.5
1022.5
1022.5
1022.5
1022.5
1022.5
1022.5
1022.5
1022.5
1022.5
1022.5
1022.5
1022.5
1022.5
1022.5
1022.5
1022.5
1022.5
1022.5
1022.5
1022.5
1022.5
1022.5
1022.5
1022.5
1022.5
1020.5
1020.5
1020.5
1020.5
1020.5
1020.5
1020.5
1020.5
1020.5
1020.5
1020.5
1020.5
1020.5
1020.5
1020.5
1020.5
1020.5
1020.5
1020.5
1020.5
1020.5
1020.5
1020.5
1020.5
1020.5
1020.5
1020.5
1020.5
1020.5
1020.5
1020.5
1020.5
1020.5
1020.5
1020.5
1020.5
1020.5
1020.5
1020.5
1020.5
1020.5
1020.5
1020.5
1020.5
1020.5
1020.5
1020.5
1020.5
1020.5
1020.5
1020.5
1020.5
1020.5
1020.5
1020.5
1020.5
1020.5
1020.5
1020.5
1020.5
1020.5
1020.5
1020.5
1020.5
1020.5
1020.5
1020.5
1020.5
1020.5
1020.5
1020.5
1020.5
1020.5
1020.5
1020.5
1020.5
1020.5
1020.5
1020.5
1020.5
1020.5
1020.5
1020.5
1020.5
1020.5
1020.5
1020.5
1020.5
1020.5
1020.5
1020.5
1020.5
1020.5
1020.5
1020.5
1020.5
1020.5
1020.5
1020.5
1020.5
1020.5
1020.5
1020.5
1020.5
1020.5
1020.5
1020.5
1020.5
1020.5
1020.5
1020.5
1020.5
1020.5
1020.5
1020.5
1020.5
1020.5
1020.5
1020.5
1020.5
1020.5
1020.5
1020.5
1020.5
1020.5
1020.5
1020.5
1020.5
1020.5
1020.5
1020.5
1020.5
1020.5
1020.5
1020.5
1020.5
1020.5
1020.5
1020.5
1020.5
1020.5
1020.5
1020.5
1020.5
1020.5
1020.5
1020.5
1020.5
1020.5
1020.5
1020.5
1020.5
1020.5
1020.5
1020.5
1020.5
1020.5
1020.5
1020.5
1020.5
1020.5
1020.5
1020.5
1020.5
1020.5
1020.5
1020.5
1020.5
1020.5
1020.5
1020.5
1020.5
1020.5
1020.5
1020.5
1020.5
1020.5
1020.5
1020.5
1020.5
1020.5
1020.5
1020.5
1020.5
1020.5
1020.5
1020.5
1020.5
1020.5
1020.5
1020.5
1020.5
1020.5
1020.5
1020.5
1020.5
1020.5
1020.5
1020.5
1020.5
1020.5
1020.5
1020.5
1020.5
1020.5
1020.5
1020.5
1020.5
1020.5
1020.5
1020.5
1020.5
1020.5
1020.5
1020.5
1020.5
1020.5
1020.5
1020.5
1020.5
1020.5
1020.5
1020.5
1020.5
1020.5
1020.5
1020.5
1020.5
1020.5
1020.5
1020.5
1020.5
1020.5
1020.5
1020.5
1020.5
1020.5
1020.5
1020.5
1020.5
1020.5
1020.5
1020.5
1020.5
1020.5
1020.5
1020.5
1020.5
1020.5
1020.5
1020.5
1020.5
1020.5
1020.5
1020.5
1020.5
1020.5
1020.5
1020.5
1020.5
1020.5
1020.5
1020.5
1020.5
1020.5
1020.5
1020.5
1020.5
1020.5
1020.5
1020.5
1020.5
1020.5
1020.5
1020.5
1020.5
1020.5
1020.5
1020.5
1020.5
1020.5
1020.5
1020.5
1020.5
1020.5
1020.5
1020.5
1020.5
1020.5
1020.5
1019.5
1019.5
1019.5
1019.5
1019.5
1019.5
1019.5
1019.5
1019.5
1019.5
1019.5
1019.5
1019.5
1019.5
1019.5
1019.5
1012.3
1012.3
1012.3
1012.3
1012.3
1012.3
1012.3
1012.3
1012.3
1012.3
1012.3
1012.3
1012.3
1012.3
1012.3
1012.3
1012.3
1012.3
1012.3
1012.3
1012.3
1012.3
1012.3
1012.3
1012.3
1012.3
1012.3
1012.3
1012.3
1012.3
1012.3
1012.3
1012.3
1012.3
1012.3
1012.3
1012.3
1012.3
1012.3
1012.3
1012.3
1012.3
1012.3
1012.3
1012.3
1012.3
1012.3
1012.3
1012.3
1012.3
1012.3
1012.3
1012.3
1012.3
1012.3
1012.3
1012.3
1012.3
1012.3
1012.3
1012.3
1012.3
1012.3
1012.3
1012.3
1012.3
1012.3
1012.3
1012.3
1012.3
1012.3
1012.3
1002.0
1002.0
1002.0
1002.0
1002.0
1002.0
1002.0
1002.0
1002.0
1002.0
1002.0
1002.0
1002.0
1002.0
1002.0
1002.0
1002.0
1002.0
1002.0
1002.0
1002.0
1002.0
1002.0
1002.0
1002.0
1002.0
1002.0
1002.0
1002.0
1002.0
1002.0
1002.0
1002.0
1002.0
1002.0
1002.0
1002.0
1002.0
1002.0
1002.0
1002.0
1002.0
1002.0
1002.0
1002.0
1002.0
1002.0
1002.0
1002.0
1002.0
1002.0
1002.0
1002.0
1002.0
1002.0
1002.0
1002.0
1002.0
1002.0
1002.0
1002.0
1002.0
1002.0
1002.0
1002.0
1002.0
1002.0
1002.0
1002.0
1002.0
1002.0
1002.0
1002.0
1002.0
1002.0
1002.0
1002.0
1002.0
1002.0
1002.0
1002.0
1002.0
1002.0
1002.0
1002.0
1002.0
1002.0
1002.0
997.0
997.0
997.0
997.0
997.0
997.0
997.0
997.0
997.0
997.0
997.0
997.0
997.0
997.0
997.0
997.0
997.0
997.0
997.0
997.0
997.0
997.0
997.0
997.0
997.0
997.0
997.0
997.0
997.0
997.0
997.0
997.0
997.0
997.0
997.0
997.0
997.0
997.0
997.0
997.0
997.0
997.0
997.0
997.0
997.0
997.0
997.0
997.0
997.0
997.0
997.0
997.0
997.0
997.0
997.0
997.0
997.0
997.0
997.0
997.0
997.0
997.0
997.0
997.0
997.0
997.0
997.0
997.0
997.0
997.0
997.0
997.0
997.0
997.0
997.0
997.0
997.0
997.0
997.0
997.0
997.0
997.0
997.0
997.0
997.0
997.0
997.0
997.0
997.0
997.0
997.0
997.0
997.0
997.0
997.0
997.0
997.0
997.0
997.0
997.0
997.0
997.0
997.0
997.0
997.0
997.0
997.0
997.0
997.0
997.0
997.0
997.0
997.0
997.0
997.0
997.0
997.0
997.0
997.0
997.0
997.0
994.7
994.7
994.7
994.7
994.7
994.7
994.7
994.7
994.7
994.7
994.7
994.7
994.7
994.7
994.7
994.7
994.7
994.7
994.7
994.7
994.7
994.7
994.7
994.7
994.7
994.7
994.7
994.7
994.7
994.7
994.7
994.7
994.7
994.7
994.7
994.7
994.7
994.7
994.7
994.7
994.7
994.7
994.7
994.7
994.7
994.7
994.7
994.7
994.7
994.7
994.7
994.7
994.7
994.7
994.7
994.7
994.7
994.7
994.7
994.7
994.7
994.7
994.7
994.7
994.7
994.7
994.7
994.7
994.7
994.7
994.7
994.7
994.7
994.7
994.7
994.7
994.7
994.7
994.7
994.7
994.7
994.7
994.7
994.7
994.7
994.7
994.7
994.7
994.7
994.7
994.7
994.7
994.7
994.7
994.7
994.7
994.7
994.7
994.7
994.7
994.7
994.7
994.7
994.7
994.7
994.7
994.7
994.7
994.7
994.7
994.7
994.7
994.7
994.7
994.7
994.7
994.7
994.7
994.7
994.7
994.7
994.7
994.7
994.7
994.7
994.7
994.7
994.7
994.7
994.7
994.7
994.7
994.7
994.7
994.7
994.7
994.7
987.9
987.9
987.9
987.9
987.9
987.9
987.9
987.9
987.9
987.9
987.9
987.9
987.9
987.9
987.9
987.9
987.9
987.9
987.9
987.9
987.9
987.9
987.9
987.9
987.9
987.9
987.9
987.9
987.9
987.9
987.9
987.9
987.9
987.9
987.9
987.9
987.9
987.9
987.9
987.9
987.9
987.9
987.9
987.9
987.9
987.9
987.9
987.9
987.9
987.9
987.9
987.9
987.9
987.9
987.9
987.9
987.9
987.9
987.9
987.9
987.9
987.9
987.9
987.9
987.9
987.9
987.9
987.9
987.9
987.9
987.9
987.9
987.9
987.9
987.9
987.9
987.9
987.9
987.9
987.9
987.9
987.9
987.9
987.9
987.9
987.9
987.9
987.9
987.9
987.9
987.9
987.9
987.9
987.9
987.9
987.9
987.9
987.9
987.9
987.9
987.9
987.9
987.9
987.9
987.9
987.9
987.9
987.9
987.9
987.9
987.9
987.9
987.9
971.3
971.3
971.3
971.3
971.3
971.3
971.3
971.3
971.3
971.3
971.3
971.3
971.3
971.3
971.3
971.3
971.3
971.3
971.3
971.3
971.3
971.3
971.3
971.3
971.3
971.3
971.3
971.3
971.3
971.3
971.3
971.3
971.3
971.3
971.3
971.3
971.3
971.3
971.3
971.3
971.3
971.3
971.3
971.3
971.3
971.3
971.3
971.3
971.3
971.3
971.3
971.3
971.3
971.3
971.3
971.3
971.3
971.3
971.3
971.3
971.3
971.3
971.3
971.3
971.3
971.3
971.3
971.3
971.3
971.3
971.3
971.3
971.3
971.3
971.3
971.3
971.3
971.3
971.3
971.3
971.3
971.3
971.3
971.3
971.3
971.3
971.3
971.3
971.3
971.3
971.3
971.3
971.3
971.3
971.3
971.3
971.3
971.3
971.3
971.3
971.3
971.3
971.3
971.3
971.3
971.3
971.3
971.3
971.3
971.3
971.3
971.3
971.3
971.3
971.3
971.3
971.3
971.3
971.3
970.8
970.8
970.8
970.8
970.8
970.8
970.8
970.8
970.8
970.8
970.8
970.8
970.8
970.8
970.8
970.8
970.8
970.8
970.8
970.8
970.8
970.8
970.8
970.8
970.8
970.8
970.8
970.8
970.8
970.8
970.8
970.8
970.8
970.8
970.8
970.8
970.8
970.8
970.8
970.8
970.8
970.8
970.8
970.8
970.8
970.8
970.8
970.8
970.8
970.8
970.8
970.8
970.8
970.8
970.8
970.8
970.8
970.8
970.8
970.8
970.8
970.8
970.8
970.8
970.8
970.8
970.8
970.8
970.8
970.8
970.8
970.8
970.8
970.8
970.8
970.8
970.8
970.8
970.8
970.8
970.8
970.8
970.8
970.8
970.8
970.8
970.8
970.8
970.8
970.8
970.8
970.8
970.8
970.8
970.8
970.8
970.8
970.8
970.8
970.8
970.8
970.8
970.8
970.8
970.8
970.8
970.8
970.8
970.8
970.8
970.8
970.8
970.8
970.8
970.8
970.8
970.8
970.8
970.8
970.8
970.8
970.8
970.8
970.8
970.8
970.8
970.8
970.8
970.8
970.8
970.8
970.8
970.8
970.8
970.8
970.8
970.8
970.8
970.8
970.8
970.8
970.8
970.8
970.8
970.8
970.8
970.8
970.8
970.8
970.8
970.8
970.8
970.8
970.8
970.8
970.8
970.8
970.8
970.8
970.8
970.8
970.8
970.8
970.8
970.8
970.8
970.8
970.8
970.8
970.8
970.8
970.8
970.8
970.8
970.8
970.8
970.8
970.8
970.8
970.8
970.8
970.8
970.8
970.8
970.8
970.8
970.8
970.8
970.8
970.8
970.8
970.8
970.8
970.8
970.8
970.8
970.8
970.8
970.8
970.8
970.8
970.8
970.8
970.8
970.8
970.8
970.8
970.8
970.8
970.8
970.8
970.8
970.8
970.8
970.8
970.8
970.8
970.8
970.8
970.8
970.8
970.8
970.8
970.8
970.8
970.8
970.8
970.8
970.8
970.8
970.8
970.8
970.8
970.8
970.8
970.8
970.8
970.8
970.8
970.8
970.8
970.8
970.8
970.8
970.8
970.8
970.8
970.8
970.8
970.8
970.8
970.8
970.8
970.8
970.8
970.8
970.8
970.8
970.8
970.8
970.8
970.8
970.8
970.8
970.8
970.8
970.8
970.8
970.8
970.8
970.8
970.8
970.8
970.8
970.8
970.8
970.8
970.8
970.8
970.8
970.8
970.8
970.8
970.8
970.8
970.8
970.8
970.8
970.8
970.8
970.8
970.8
970.8
970.8
970.8
970.8
970.8
970.8
970.8
970.8
970.8
970.8
970.8
970.8
970.8
970.8
970.8
970.8
970.8
970.8
970.8
970.8
970.8
970.8
970.8
970.8
970.8
970.8
970.8
970.8
970.8
970.8
970.8
970.8
970.8
970.8
970.8
970.8
970.8
970.8
970.8
970.8
970.8
970.8
970.8
970.8
970.8
970.8
970.8
970.8
970.8
970.8
970.8
970.8
970.8
970.8
970.8
970.8
970.8
970.8
970.8
970.8
967.3
967.3
967.3
967.3
967.3
967.3
967.3
967.3
967.3
967.3
967.3
967.3
967.3
967.3
967.3
967.3
967.3
967.3
967.3
967.3
967.3
967.3
967.3
967.3
967.3
967.3
967.3
967.3
967.3
967.3
967.3
967.3
960.7
960.7
960.7
960.7
960.7
960.7
960.7
960.7
960.7
960.7
960.7
960.7
960.7
960.7
960.7
960.7
960.7
960.7
960.7
960.7
960.7
960.7
960.7
960.7
960.7
960.7
960.7
960.7
960.7
960.7
960.7
960.7
960.7
960.7
960.7
960.7
960.7
960.7
960.7
960.7
960.7
960.7
960.7
960.7
960.7
960.7
960.7
960.7
960.7
960.7
960.7
960.7
960.7
960.7
960.7
960.7
960.7
960.7
960.7
960.7
960.7
960.7
960.7
960.7
960.7
960.7
960.7
960.7
960.7
960.7
960.7
960.7
960.7
960.7
960.7
960.7
960.7
960.7
960.7
960.7
960.7
960.7
960.7
960.7
960.7
960.7
960.7
960.7
960.7
960.7
960.7
960.7
960.7
960.7
960.7
960.7
960.7
960.7
960.7
960.7
960.7
960.7
960.7
960.7
960.7
960.7
960.7
960.7
960.7
960.7
960.7
960.7
960.7
960.7
960.7
960.7
960.7
960.7
960.7
960.7
960.7
960.7
960.7
960.7
960.7
960.7
960.7
960.7
960.7
960.7
960.7
960.7
960.7
960.7
960.7
960.7
960.7
960.7
960.7
960.7
960.7
960.7
960.7
960.7
960.7
960.7
960.7
960.7
960.7
960.7
960.7
960.7
960.7
960.7
960.7
960.7
960.7
960.7
960.7
960.7
960.7
960.7
960.7
960.7
960.7
960.7
960.7
960.7
960.7
960.7
960.7
960.7
960.7
960.7
960.7
960.7
960.7
960.7
960.7
960.7
960.7
960.7
960.7
960.7
960.7
960.7
960.7
960.7
960.7
960.7
960.7
960.7
960.7
960.7
960.7
960.7
960.7
960.7
960.7
960.7
960.7
960.7
960.7
960.7
960.7
960.7
960.7
960.7
960.7
960.7
960.7
960.7
960.7
960.7
960.7
960.7
960.7
960.7
960.7
960.7
960.7
960.7
960.7
960.7
960.7
960.7
960.7
960.7
960.7
960.7
960.7
960.7
960.7
960.7
960.7
960.7
960.7
960.7
960.7
960.7
960.7
960.7
960.7
960.7
960.7
960.7
960.7
960.7
960.7
960.7
960.7
960.7
960.7
960.7
960.7
960.7
960.7
960.7
960.7
960.7
960.7
960.7
960.7
960.7
960.7
960.7
960.3
960.3
960.3
960.3
960.3
960.3
960.3
960.3
960.3
960.3
960.3
960.3
960.3
960.3
960.3
960.3
960.3
960.3
960.3
960.3
960.3
960.3
960.3
960.3
960.3
960.3
960.3
960.3
960.3
960.3
960.3
960.3
960.3
960.3
960.3
960.3
960.3
960.3
960.3
960.3
960.3
960.3
960.3
960.3
960.3
960.3
960.3
960.3
960.3
960.3
960.3
960.3
960.3
960.3
960.3
960.3
960.3
960.3
960.3
957.8
957.8
957.8
957.8
957.8
957.8
957.8
957.8
957.8
957.8
957.8
957.8
957.8
957.8
957.8
957.8
957.8
957.8
957.8
957.8
957.8
957.8
957.8
957.8
957.8
957.8
957.8
957.8
957.8
957.8
957.8
957.8
956.4
956.4
956.4
956.4
956.4
956.4
956.4
956.4
956.4
956.4
951.7
951.7
951.7
951.7
951.7
951.7
951.7
951.7
951.7
951.7
951.7
951.7
951.7
951.7
951.7
951.7
951.7
951.7
951.7
951.7
951.7
951.7
951.7
951.7
951.7
951.7
951.7
951.7
951.7
951.7
951.7
951.7
951.7
951.7
951.7
951.7
951.7
951.7
951.7
951.7
951.7
951.7
951.7
951.7
951.7
951.7
951.7
951.7
951.7
951.7
951.7
951.7
951.7
951.7
951.7
951.7
951.7
951.7
951.7
951.7
951.7
951.7
951.7
951.7
951.7
951.7
951.7
951.7
951.7
951.7
951.7
951.7
951.7
951.7
951.7
951.7
951.7
951.7
951.7
951.7
951.7
951.7
951.7
951.7
951.7
951.7
951.7
951.7
951.7
951.7
951.7
951.7
951.7
951.7
951.7
951.7
951.7
951.7
951.7
951.7
951.7
951.7
951.7
951.7
951.7
951.7
951.7
951.7
951.7
951.7
951.7
951.7
951.7
951.7
951.7
951.7
951.7
951.7
951.7
951.7
951.7
951.7
951.7
951.7
951.7
951.7
951.7
951.7
951.7
951.7
951.7
951.7
951.7
951.7
951.7
951.7
951.7
951.7
951.7
951.7
951.7
951.7
951.7
951.7
951.7
951.7
951.7
951.7
951.7
951.7
951.7
951.7
951.7
951.7
951.7
951.7
951.7
951.7
951.7
951.7
951.7
951.7
951.7
951.7
951.7
951.7
951.7
951.7
951.7
951.7
951.7
951.7
951.7
951.7
951.7
951.7
951.7
951.7
946.0
946.0
946.0
946.0
946.0
946.0
946.0
946.0
946.0
946.0
946.0
946.0
946.0
946.0
946.0
946.0
946.0
946.0
946.0
946.0
946.0
946.0
946.0
946.0
946.0
946.0
946.0
946.0
946.0
946.0
946.0
946.0
946.0
946.0
946.0
946.0
946.0
946.0
946.0
946.0
946.0
946.0
946.0
946.0
946.0
946.0
946.0
946.0
946.0
946.0
946.0
946.0
946.0
946.0
946.0
946.0
946.0
946.0
946.0
946.0
946.0
946.0
946.0
946.0
946.0
946.0
946.0
946.0
946.0
946.0
946.0
946.0
946.0
946.0
946.0
946.0
946.0
946.0
946.0
946.0
946.0
946.0
946.0
946.0
946.0
946.0
946.0
946.0
946.0
946.0
946.0
946.0
946.0
946.0
946.0
946.0
946.0
946.0
946.0
946.0
946.0
946.0
946.0
946.0
946.0
946.0
946.0
946.0
946.0
946.0
946.0
946.0
946.0
946.0
946.0
946.0
946.0
946.0
946.0
946.0
946.0
946.0
946.0
946.0
946.0
946.0
946.0
946.0
946.0
946.0
946.0
946.0
946.0
946.0
946.0
946.0
946.0
946.0
946.0
946.0
946.0
946.0
946.0
946.0
946.0
946.0
946.0
946.0
946.0
946.0
946.0
946.0
946.0
946.0
946.0
946.0
946.0
946.0
946.0
946.0
946.0
946.0
946.0
946.0
946.0
946.0
946.0
946.0
946.0
946.0
946.0
946.0
946.0
946.0
946.0
946.0
946.0
946.0
946.0
946.0
946.0
946.0
946.0
946.0
946.0
946.0
946.0
946.0
946.0
946.0
946.0
946.0
946.0
946.0
946.0
946.0
946.0
946.0
946.0
946.0
946.0
946.0
946.0
946.0
946.0
946.0
946.0
946.0
946.0
946.0
946.0
946.0
946.0
946.0
946.0
946.0
946.0
946.0
946.0
946.0
946.0
946.0
946.0
946.0
946.0
946.0
946.0
946.0
946.0
946.0
946.0
946.0
946.0
946.0
946.0
946.0
946.0
946.0
946.0
946.0
946.0
946.0
946.0
946.0
946.0
946.0
946.0
946.0
946.0
946.0
946.0
941.8
941.8
941.8
941.8
941.8
941.8
941.8
941.8
941.8
941.8
941.8
941.8
941.8
941.8
941.8
941.8
941.8
941.8
941.8
941.8
941.8
941.8
941.8
941.8
941.8
941.8
941.8
941.8
941.8
941.8
941.8
941.8
941.8
941.8
941.8
941.8
941.8
941.8
941.8
941.8
941.8
941.8
941.8
941.8
941.8
941.8
941.8
941.8
941.8
941.8
941.8
941.8
941.8
941.8
941.8
941.8
941.8
941.8
941.8
941.8
941.8
941.8
941.8
941.8
941.8
941.8
941.8
941.8
941.8
941.8
941.8
941.8
941.8
941.8
941.8
941.8
941.8
941.8
941.8
941.8
941.8
941.8
941.8
941.8
941.8
941.8
941.8
941.8
941.8
941.8
941.8
941.8
941.8
941.8
941.8
941.8
941.8
941.8
941.8
941.8
941.8
941.8
941.8
941.8
941.8
941.8
941.8
939.3
939.3
939.3
939.3
939.3
939.3
939.3
939.3
939.3
939.3
939.3
939.3
939.3
939.3
939.3
939.3
939.3
939.3
939.3
939.3
939.3
939.3
939.3
939.3
939.3
939.3
939.3
939.3
939.3
939.3
939.3
939.3
939.3
939.3
939.3
939.3
939.3
939.3
939.3
939.3
939.3
939.3
939.3
939.3
939.3
939.3
939.3
939.3
939.3
939.3
939.3
939.3
939.3
939.3
939.3
939.3
939.3
939.3
939.3
939.3
939.3
939.3
939.3
939.3
939.3
939.3
939.3
939.3
939.3
939.3
939.3
939.3
939.3
939.3
939.3
939.3
939.3
939.3
939.3
939.3
939.3
939.3
939.3
939.3
939.3
939.3
939.3
939.3
939.3
939.3
939.3
939.3
939.3
939.3
939.3
939.3
939.3
939.3
939.3
939.3
939.3
939.3
939.3
939.3
939.3
939.3
939.3
939.3
939.3
939.3
939.3
939.3
939.3
939.3
939.3
939.3
939.3
939.3
939.3
939.3
939.3
939.3
939.3
939.3
939.3
939.3
939.3
939.3
939.3
939.3
939.3
939.3
939.3
939.3
939.3
939.3
939.3
939.3
939.3
939.3
939.3
939.3
939.3
939.3
939.3
939.3
939.3
939.3
939.3
939.3
939.3
939.3
939.3
939.3
939.3
939.3
939.3
939.3
939.3
939.3
939.3
939.3
939.3
939.3
939.3
939.3
939.3
939.3
939.3
939.3
939.3
939.3
938.8
938.8
938.8
938.8
938.8
938.8
938.8
938.8
938.8
938.8
938.8
938.8
938.8
938.8
938.8
938.8
938.8
938.8
938.8
938.8
938.8
938.8
938.8
938.8
938.8
938.8
938.8
938.8
938.8
938.8
938.8
938.8
938.8
938.8
938.8
938.8
938.8
938.8
938.8
938.8
938.8
938.8
938.8
938.8
938.8
938.8
938.8
938.8
938.8
938.8
938.8
938.8
932.7
932.7
932.7
932.7
932.7
932.7
932.7
932.7
932.7
932.7
932.7
932.7
932.7
932.7
932.7
932.7
932.7
932.7
932.7
932.7
932.7
932.7
932.7
932.7
932.7
932.7
932.7
932.7
932.7
932.7
932.7
932.7
932.7
932.7
932.7
932.7
932.7
932.7
932.7
932.7
932.7
932.7
932.7
932.7
932.7
932.7
932.7
932.7
932.7
932.7
932.7
932.7
932.7
932.7
932.7
932.7
932.7
932.7
932.7
932.7
932.7
932.7
932.7
932.7
932.7
932.7
932.7
932.7
932.7
932.7
932.7
932.7
932.7
932.7
932.7
932.7
932.7
932.7
932.7
932.7
932.7
932.7
932.7
932.7
932.7
932.7
932.7
932.7
932.7
932.7
932.7
932.7
932.7
932.7
932.7
932.7
932.7
932.7
932.7
932.7
932.7
932.7
932.7
932.7
932.7
932.7
932.7
932.7
932.7
932.7
932.7
932.7
932.7
932.7
932.7
932.7
932.7
932.7
932.7
932.7
932.7
932.7
932.7
932.7
932.7
932.7
932.7
932.7
932.7
932.7
932.7
932.7
932.7
932.7
932.7
932.7
932.7
932.7
932.7
932.7
932.7
932.7
932.7
932.7
932.7
932.7
932.7
932.7
932.7
932.7
932.7
932.7
932.7
932.7
932.7
932.7
932.7
932.7
932.7
932.7
932.7
932.7
932.7
932.7
932.7
932.7
932.7
932.7
932.7
932.7
932.7
932.7
932.7
932.7
932.7
932.7
932.7
932.7
932.7
932.7
932.7
932.7
932.7
932.7
932.7
932.7
932.7
932.7
932.7
932.7
932.7
932.7
932.7
932.7
932.7
932.7
932.7
932.7
932.7
932.7
932.7
932.7
932.7
932.7
932.7
932.7
932.7
932.7
932.7
932.7
932.7
932.7
932.7
932.7
932.7
932.7
932.7
932.7
932.7
932.7
932.7
932.7
932.7
932.7
932.7
932.7
932.7
932.7
932.7
932.7
932.7
932.7
932.7
932.7
932.7
932.7
932.7
932.7
932.7
932.7
932.7
932.7
932.7
932.7
932.7
932.7
932.7
932.7
932.7
932.7
932.7
932.7
932.7
932.7
932.7
932.7
932.7
932.7
932.7
932.7
932.7
932.7
932.7
932.7
932.7
932.7
932.7
932.7
932.7
932.7
932.7
932.7
932.7
932.7
932.7
932.7
932.7
932.7
932.7
932.7
932.7
932.7
932.7
932.7
932.7
932.7
932.7
932.7
932.7
932.7
932.7
932.7
932.7
932.7
932.7
932.7
932.7
932.7
932.7
932.7
932.7
932.7
932.7
932.7
932.7
932.7
932.7
932.7
932.7
932.7
932.7
932.7
932.7
932.7
932.7
932.7
932.7
932.7
932.7
932.7
932.7
932.7
932.7
932.7
932.7
932.7
932.7
932.7
932.7
932.7
932.7
932.7
932.7
932.7
932.7
932.7
932.7
932.7
932.7
932.7
932.7
932.7
932.7
932.7
932.7
932.7
932.7
932.7
932.7
932.7
932.7
932.7
932.7
932.7
932.7
932.7
932.7
932.7
932.7
932.7
932.7
932.7
932.7
932.7
932.7
932.7
932.7
932.7
932.7
932.7
932.7
932.7
932.7
932.7
932.7
932.7
932.7
932.7
932.7
932.7
932.7
932.7
932.7
932.7
932.7
932.7
932.7
932.7
932.7
932.7
932.7
932.7
932.7
932.7
932.7
932.7
932.7
932.7
932.7
932.7
932.7
932.7
932.7
932.7
932.7
932.7
932.7
932.7
932.7
932.7
932.7
932.7
932.7
932.7
932.7
932.7
932.7
932.7
932.7
932.7
932.7
932.7
932.7
932.7
932.7
932.7
932.7
932.7
932.7
931.7
931.7
931.7
931.7
931.7
931.7
931.7
931.7
931.7
931.7
931.7
931.7
931.7
931.7
931.7
931.7
931.7
931.7
931.7
931.7
931.7
931.7
931.7
931.7
931.7
931.7
931.7
931.7
931.7
931.7
931.7
931.7
931.7
931.7
931.7
931.7
931.7
931.7
931.7
931.7
931.7
931.7
931.7
931.7
931.7
931.7
931.7
931.7
931.7
931.7
931.7
931.7
931.7
931.7
931.7
931.7
931.7
931.7
931.7
931.7
931.7
931.7
931.7
931.7
931.7
931.7
931.7
931.7
931.7
931.7
931.7
931.7
931.7
931.7
931.7
931.7
931.7
931.7
931.7
931.7
931.7
931.7
931.7
931.7
931.7
931.7
931.7
931.7
931.7
931.7
931.7
931.7
931.7
931.7
931.7
931.7
931.7
931.7
931.7
931.7
931.7
931.7
931.7
931.7
915.5
915.5
915.5
915.5
915.5
915.5
915.5
915.5
915.5
915.5
915.5
915.5
915.5
915.5
915.5
915.5
915.5
915.5
915.5
915.5
915.5
915.5
915.5
915.5
915.5
915.5
915.5
915.5
915.5
915.5
915.5
915.5
915.5
915.5
915.5
915.5
915.5
915.5
915.5
915.5
915.5
915.5
915.5
915.5
915.5
915.5
915.5
915.5
915.5
915.5
915.5
915.5
915.5
915.5
915.5
915.5
915.5
915.5
915.5
915.5
915.5
915.5
915.5
915.5
915.5
915.5
915.5
915.5
915.5
915.5
915.5
915.5
915.5
915.5
915.5
915.5
915.5
915.5
915.5
915.5
915.5
915.5
915.5
915.5
915.5
915.5
915.5
915.5
915.5
915.5
915.5
915.5
915.5
915.5
915.5
915.5
915.5
915.5
915.5
915.5
915.5
915.5
915.5
915.5
915.5
915.5
915.5
915.5
915.5
915.5
915.5
915.5
915.5
915.5
915.5
915.5
915.5
915.5
915.5
915.5
915.5
915.5
915.5
915.5
915.5
915.5
915.5
915.5
915.5
915.5
915.5
915.5
915.5
915.5
915.5
915.5
915.5
915.5
915.5
915.5
915.5
915.5
915.5
915.5
915.5
915.5
915.5
915.5
915.5
915.5
915.5
915.5
915.5
915.5
915.5
915.5
915.5
915.5
915.5
915.5
915.5
915.5
915.5
915.5
915.5
915.5
915.5
915.5
915.5
915.5
915.5
915.5
915.5
915.5
915.5
915.5
915.5
915.5
915.5
915.5
915.5
915.5
915.5
915.5
915.5
915.5
915.5
915.5
915.5
915.5
915.5
915.5
915.5
915.5
915.5
915.5
915.5
915.5
915.5
915.5
915.5
915.5
915.5
915.5
915.5
915.5
915.5
915.5
915.5
915.5
915.5
915.5
915.5
915.5
915.5
915.5
915.5
915.5
915.5
915.5
915.5
915.5
915.5
915.5
915.5
915.5
915.5
915.5
915.5
915.5
915.5
915.5
915.5
915.5
915.5
915.5
915.5
915.5
915.5
915.5
915.5
915.5
915.5
915.5
915.5
915.5
915.5
915.5
915.5
915.5
915.5
915.5
915.5
915.5
915.5
915.5
915.5
915.5
915.5
915.5
915.5
915.5
915.5
915.5
915.5
915.5
915.5
915.5
915.5
915.5
915.5
915.5
915.5
915.5
915.5
915.5
915.5
915.5
915.5
915.5
915.5
915.5
915.5
915.5
915.5
915.5
915.5
915.5
915.5
915.5
915.5
915.5
915.5
915.5
915.5
915.5
915.5
915.5
915.5
915.5
915.5
915.5
915.5
915.5
915.5
915.5
915.5
915.5
915.5
915.5
915.5
915.5
915.5
915.5
915.5
915.5
915.5
915.5
915.5
915.5
915.5
915.5
915.5
915.5
915.5
915.5
915.5
900.8
900.8
900.8
900.8
900.8
900.8
900.8
900.8
900.8
900.8
900.8
900.8
900.8
900.8
900.8
900.8
900.8
900.8
900.8
900.8
900.8
900.8
900.8
900.8
900.8
900.8
900.8
900.8
900.8
900.8
900.8
900.8
900.8
900.8
900.8
900.8
900.8
900.8
900.8
900.8
900.8
900.8
900.8
900.8
900.8
900.8
900.8
900.8
900.8
900.8
900.8
900.8
900.8
900.8
900.8
900.8
900.8
900.8
900.8
900.8
900.8
900.8
900.8
900.8
900.8
900.8
900.8
900.8
900.8
900.8
900.8
900.8
900.8
900.8
900.8
900.8
900.8
900.8
900.8
900.8
900.8
900.8
900.8
900.8
900.8
900.8
900.8
900.8
900.8
900.8
900.8
900.8
900.8
900.8
900.8
900.8
900.8
900.8
900.8
900.8
900.8
900.8
900.8
900.8
900.8
900.8
900.8
900.8
900.8
900.8
900.8
900.8
900.8
900.8
900.8
900.8
900.8
900.8
900.8
900.8
900.8
900.8
900.8
900.8
900.8
900.8
900.8
900.8
900.8
900.8
900.8
900.8
900.8
900.8
900.8
900.8
900.8
900.8
900.8
900.8
900.8
900.8
900.8
900.8
900.8
900.8
900.8
900.8
900.8
900.8
900.8
900.8
900.8
900.8
900.8
900.8
900.8
900.8
900.8
900.8
900.8
900.8
900.8
900.8
900.8
900.8
900.8
900.8
900.8
900.8
900.8
900.8
900.8
900.8
900.8
900.8
900.8
900.8
900.8
900.8
900.8
900.8
900.8
900.8
900.8
900.8
900.8
900.8
900.8
900.8
900.8
900.8
900.8
900.8
900.8
900.8
900.8
900.8
900.8
900.8
900.8
900.8
900.8
900.8
900.8
900.8
900.8
900.8
900.8
900.8
900.8
900.8
900.8
900.8
900.8
900.8
900.8
900.8
900.8
900.8
900.8
900.8
900.8
900.8
900.8
900.8
900.8
900.8
900.8
900.8
900.8
900.8
900.8
900.8
900.8
900.8
900.8
900.8
900.8
900.8
900.8
900.8
900.8
900.8
900.8
900.8
900.8
900.8
900.8
900.8
900.8
900.8
900.8
900.8
900.8
900.8
900.8
900.8
900.8
900.8
900.8
900.8
900.8
900.8
900.8
900.8
900.8
900.8
900.8
900.8
900.8
900.8
900.8
900.8
900.8
900.8
900.8
900.8
900.8
900.8
900.8
900.8
900.8
900.8
900.8
900.8
900.8
900.8
900.8
900.8
900.8
900.8
900.8
900.8
900.8
900.8
900.8
900.8
900.8
900.8
900.8
900.8
900.8
900.8
900.8
900.8
900.8
900.8
900.8
900.8
900.8
900.8
900.8
900.8
900.8
900.8
900.8
900.8
900.8
900.8
900.8
900.8
900.8
900.8
900.8
900.8
900.8
900.8
900.8
900.8
900.8
900.8
900.8
900.8
900.8
900.8
900.8
900.8
900.8
900.8
900.8
900.8
900.8
900.8
900.8
900.8
900.8
900.8
900.8
900.8
900.8
900.8
900.8
900.8
900.8
900.8
900.8
900.8
900.8
900.8
900.8
900.8
900.8
900.8
900.8
900.8
900.8
900.8
900.8
900.8
900.8
900.8
900.8
900.8
900.8
900.8
900.8
900.8
900.8
900.8
900.8
900.8
900.8
900.8
900.8
900.8
900.8
900.8
900.8
900.8
900.8
900.8
900.8
900.8
900.8
900.8
900.8
900.8
900.8
900.8
900.8
900.8
900.8
900.8
900.8
900.8
900.8
900.8
900.8
900.8
900.8
900.8
900.8
900.8
900.8
900.8
900.8
900.8
900.8
900.8
900.8
900.8
900.8
900.8
900.8
900.8
900.8
900.8
900.8
900.8
900.8
900.8
900.8
900.8
900.8
900.8
900.8
900.8
900.8
900.8
900.8
900.8
900.8
900.8
900.8
900.8
900.8
900.8
900.8
900.8
900.8
900.8
900.8
900.8
900.8
900.8
900.8
900.8
900.8
900.8
900.8
900.8
900.8
900.8
900.8
900.8
900.8
900.8
900.8
900.8
900.8
900.8
900.8
900.8
900.8
900.8
900.8
900.8
900.8
900.8
900.8
900.8
900.8
900.8
900.8
900.8
900.8
900.8
900.8
900.8
900.8
900.8
900.8
900.8
900.8
900.8
900.8
900.8
900.8
900.8
900.8
900.8
900.8
900.8
900.8
900.8
900.8
900.8
900.8
900.8
900.8
900.8
900.8
900.8
900.8
900.8
900.8
900.8
900.8
900.8
900.8
900.8
900.8
900.8
900.8
900.8
900.8
900.8
900.8
900.8
900.8
900.8
900.8
900.8
900.8
900.8
900.8
899.3
899.3
899.3
899.3
899.3
899.3
899.3
899.3
899.3
899.3
899.3
899.3
899.3
899.3
899.3
899.3
899.3
899.3
899.3
899.3
899.3
899.3
899.3
899.3
899.3
899.3
899.3
899.3
899.3
899.3
899.3
899.3
899.3
899.3
899.3
899.3
899.3
899.3
899.3
899.3
899.3
899.3
899.3
899.3
899.3
899.3
899.3
899.3
899.3
899.3
899.3
899.3
899.3
899.3
899.3
899.3
899.3
899.3
899.3
899.3
899.3
899.3
899.3
899.3
899.3
899.3
899.3
899.3
899.3
899.3
899.3
899.3
899.3
899.3
899.3
899.3
899.3
899.3
899.3
899.3
899.3
899.3
899.3
899.3
899.3
899.3
899.3
899.3
899.3
899.3
899.3
899.3
899.3
899.3
899.3
899.3
899.3
899.3
899.3
899.3
899.3
899.3
899.3
899.3
899.3
899.3
899.3
899.3
899.3
899.3
899.3
899.3
899.3
899.3
899.3
899.3
899.3
899.3
899.3
899.3
899.3
899.3
899.3
899.3
899.3
899.3
899.3
899.3
899.3
899.3
899.3
899.3
899.3
899.3
899.3
899.3
899.3
899.3
899.3
899.3
899.3
899.3
899.3
899.3
899.3
899.3
899.3
899.3
899.3
899.3
899.3
899.3
899.3
899.3
899.3
899.3
899.3
899.3
899.3
899.3
899.3
899.3
899.3
899.3
899.3
899.3
899.3
899.3
899.3
899.3
899.3
899.3
899.3
899.3
899.3
899.3
899.3
899.3
899.3
899.3
899.3
899.3
899.3
899.3
899.3
899.3
899.3
899.3
899.3
899.3
899.3
899.3
899.3
899.3
899.3
899.3
899.3
899.3
899.3
899.3
899.3
899.3
899.3
899.3
899.3
899.3
899.3
899.3
899.3
899.3
899.3
899.3
899.3
899.3
899.3
899.3
899.3
899.3
899.3
899.3
899.3
899.3
899.3
899.3
899.3
899.3
899.3
899.3
899.3
899.3
899.3
899.3
899.3
899.3
899.3
899.3
899.3
899.3
899.3
899.3
899.3
899.3
899.3
899.3
899.3
899.3
899.3
899.3
899.3
899.3
899.3
899.3
899.3
899.3
899.3
899.3
899.3
899.3
899.3
899.3
899.3
899.3
899.3
899.3
899.3
899.3
899.3
899.3
899.3
899.3
899.3
899.3
899.3
899.3
899.3
899.3
899.3
899.3
899.3
899.3
899.3
899.3
899.3
899.3
899.3
899.3
899.3
899.3
899.3
899.3
899.3
899.3
899.3
899.3
899.3
899.3
899.3
899.3
899.3
899.3
899.3
899.3
899.3
899.3
899.3
899.3
899.3
899.3
899.3
899.3
899.3
899.3
899.3
899.3
899.3
899.3
899.3
899.3
899.3
899.3
899.3
899.3
899.3
899.3
899.3
899.3
899.3
899.3
899.3
899.3
899.3
899.3
899.3
899.3
899.3
899.3
899.3
899.3
899.3
899.3
899.3
899.3
899.3
899.3
899.3
899.3
899.3
898.7
898.7
898.7
898.7
898.7
898.7
898.7
898.7
898.7
898.7
898.7
898.7
898.7
898.7
898.7
898.7
898.7
898.7
898.7
898.7
898.7
898.7
898.7
898.7
898.7
898.7
898.7
898.7
898.7
898.7
898.7
898.7
898.7
898.7
898.7
898.7
898.7
898.7
898.7
898.7
898.7
898.7
898.7
898.7
898.7
898.7
898.7
898.7
898.7
898.7
898.7
898.7
898.7
898.7
898.7
898.7
898.7
898.7
898.7
898.7
898.7
898.7
898.7
898.7
898.7
898.7
898.7
898.7
898.7
898.7
898.7
898.7
898.7
898.7
898.7
898.7
898.7
898.7
898.7
898.7
898.7
898.7
898.7
898.7
898.7
898.7
898.7
898.7
898.7
898.7
898.7
898.7
898.7
898.7
898.7
898.7
898.7
898.7
898.7
898.7
898.7
898.7
898.7
898.7
898.7
898.7
898.7
898.7
898.7
898.7
898.7
898.7
898.7
898.7
898.7
898.7
898.7
898.7
898.7
898.7
898.7
898.7
898.7
898.7
898.7
898.7
898.7
898.7
898.7
898.7
898.7
898.7
898.7
898.7
898.7
898.7
898.7
898.7
898.7
898.7
898.7
898.7
898.7
898.7
898.7
898.7
898.7
898.7
898.7
898.7
898.7
898.7
898.7
898.7
898.7
898.7
898.7
898.7
898.7
898.7
898.7
898.7
898.7
898.7
898.7
898.7
898.7
898.7
898.7
898.7
898.7
898.7
898.7
898.7
898.7
898.7
898.7
898.7
898.7
898.7
898.7
898.7
898.7
898.7
898.7
898.7
898.7
898.7
898.7
898.7
898.7
898.7
898.7
898.7
898.7
898.7
898.7
898.7
898.7
898.7
898.7
898.7
898.7
898.7
898.7
898.7
898.7
898.7
898.7
898.7
898.7
898.7
898.7
898.7
898.7
898.7
898.7
898.7
898.7
898.7
898.7
898.7
898.7
898.7
898.7
898.7
898.7
898.7
898.7
898.7
898.7
898.7
898.7
898.7
898.7
898.7
898.7
898.7
898.7
898.7
898.7
898.7
898.7
898.7
898.7
898.7
898.7
898.7
898.7
898.7
898.7
898.7
898.7
898.7
898.7
898.7
898.7
898.7
898.7
898.7
898.7
898.7
898.7
898.7
898.7
898.7
898.7
898.7
898.7
898.7
898.7
898.7
898.7
898.7
898.7
898.7
898.7
898.7
898.7
898.7
898.7
898.7
898.7
898.7
898.7
898.7
898.7
898.7
898.7
898.7
898.7
898.7
898.7
898.7
898.7
898.7
898.7
898.7
898.7
898.7
898.7
898.7
898.7
898.7
898.7
898.7
898.7
898.7
898.7
898.7
898.7
898.7
898.7
898.7
898.7
898.7
898.7
898.7
898.7
898.7
898.7
898.7
898.7
898.7
898.7
898.7
898.7
898.7
898.7
898.7
898.7
898.7
898.7
898.7
898.7
898.7
898.7
898.7
898.7
898.7
898.7
898.7
898.7
898.7
898.7
898.7
898.7
898.7
898.7
898.7
898.7
898.7
898.7
898.7
898.7
898.7
898.7
898.7
898.7
898.7
898.7
898.7
898.7
898.7
898.7
898.7
898.7
898.7
898.7
898.7
898.7
898.7
898.7
898.7
898.7
898.7
898.7
898.7
898.7
898.7
898.7
898.7
898.7
898.7
898.7
898.7
898.7
898.7
898.7
898.7
898.7
898.7
898.7
898.7
898.7
898.7
898.7
898.7
898.7
898.7
898.7
898.7
898.7
898.7
898.7
898.7
898.7
898.7
898.7
898.7
898.7
898.7
898.7
898.7
898.7
898.7
898.7
898.7
898.7
898.7
898.7
898.7
898.7
898.7
898.7
898.7
898.7
898.7
898.7
898.7
898.7
898.7
898.7
898.7
898.7
898.7
898.7
898.7
898.7
898.7
898.7
898.7
898.7
898.7
898.7
898.7
898.7
898.7
898.7
898.7
898.7
898.7
898.7
898.7
898.7
898.7
898.7
898.7
898.7
898.7
898.7
898.7
898.7
898.7
898.7
898.7
898.7
898.7
898.7
898.7
898.7
898.7
898.7
898.7
898.7
898.7
898.7
898.7
898.7
898.7
898.7
898.7
898.7
898.7
898.7
898.7
898.7
898.7
898.7
898.7
898.7
898.7
898.7
898.7
898.7
898.7
898.7
898.7
898.7
898.7
898.7
898.7
898.7
898.7
898.7
898.7
898.7
898.7
898.7
898.7
898.7
898.7
898.7
898.7
898.7
898.7
898.7
898.7
898.7
898.7
898.7
898.7
898.7
898.7
898.7
898.7
898.7
898.7
898.7
898.7
898.7
898.7
898.7
898.7
898.7
898.7
898.7
898.7
898.7
898.7
898.7
898.7
898.7
898.7
898.7
898.7
898.7
898.7
898.7
898.7
898.7
898.7
898.7
898.7
898.7
898.7
898.7
898.7
898.7
898.7
898.7
898.7
898.7
898.7
898.7
898.7
898.7
898.7
898.7
898.7
898.7
895.3
895.3
895.3
895.3
895.3
895.3
895.3
895.3
895.3
895.3
895.3
895.3
895.3
895.3
895.3
895.3
895.3
895.3
895.3
895.3
895.3
895.3
895.3
895.3
895.3
895.3
895.3
895.3
895.3
895.3
895.3
895.3
895.3
895.3
895.3
895.3
895.3
895.3
895.3
895.3
895.3
895.3
895.3
895.3
895.3
895.3
895.3
895.3
895.3
895.3
895.3
895.3
895.3
895.3
895.3
895.3
895.3
895.3
895.3
895.3
895.3
895.3
895.3
895.3
895.3
895.3
895.3
895.3
895.3
895.3
895.3
895.3
895.3
895.3
895.3
895.3
895.3
895.3
895.3
895.3
895.3
895.3
895.3
895.3
895.3
895.3
895.3
895.3
895.3
895.3
895.3
895.3
895.3
895.3
895.3
895.3
895.3
895.3
895.3
895.3
895.3
895.3
895.3
895.3
895.3
895.3
895.3
895.3
895.3
895.3
895.3
895.3
895.3
895.3
895.3
895.3
895.3
895.3
895.3
895.3
895.3
895.3
895.3
895.3
895.3
895.3
895.3
895.3
895.3
895.3
895.3
895.3
895.3
895.3
895.3
895.3
895.3
895.3
895.3
895.3
895.3
895.3
895.3
895.3
895.3
895.3
895.3
895.3
895.3
895.3
895.3
895.3
895.3
895.3
895.3
895.3
895.3
895.3
895.3
895.3
895.3
895.3
895.3
895.3
895.3
895.3
895.3
895.3
895.3
895.3
895.3
895.3
895.3
895.3
895.3
895.3
895.3
895.3
895.3
895.3
895.3
895.3
895.3
895.3
895.3
895.3
895.3
895.3
895.3
895.3
895.3
895.3
895.3
895.3
895.3
895.3
895.3
895.3
895.3
895.3
895.3
895.3
895.3
895.3
895.3
895.3
895.3
895.3
895.3
895.3
895.3
895.3
895.3
895.3
895.3
895.3
895.3
895.3
895.3
895.3
895.3
895.3
895.3
895.3
895.3
895.3
895.3
895.3
895.3
895.3
895.3
895.3
895.3
895.3
895.3
895.3
895.3
895.3
895.3
895.3
895.3
895.3
895.3
895.3
895.3
895.3
895.3
895.3
895.3
895.3
895.3
895.3
895.3
895.3
895.3
895.3
895.3
895.3
895.3
895.3
895.3
895.3
895.3
895.3
895.3
895.3
895.3
895.3
895.3
895.3
895.3
895.3
895.3
895.3
895.3
895.3
895.3
895.3
895.3
895.3
895.3
895.3
895.3
895.3
895.3
895.3
895.3
895.3
895.3
895.3
895.3
895.3
895.3
895.3
895.3
895.3
895.3
895.3
895.3
895.3
895.3
895.3
895.3
895.3
895.3
895.3
895.3
895.3
895.3
895.3
895.3
895.3
895.3
895.3
895.3
895.3
895.3
895.3
895.3
895.3
895.3
895.3
895.3
895.3
895.3
895.3
895.3
895.3
895.3
895.3
895.3
895.3
895.3
895.3
895.3
895.3
895.3
895.3
895.3
895.3
895.3
895.3
895.3
895.3
895.3
895.3
895.3
895.3
895.3
895.3
895.3
895.3
895.3
895.3
895.3
895.3
895.3
895.3
895.3
895.3
895.3
895.3
895.3
895.3
895.3
895.3
895.3
895.3
895.3
895.3
895.3
895.3
895.3
895.3
895.3
895.3
895.3
895.3
895.3
895.3
895.3
895.3
895.3
895.3
895.3
895.3
895.3
895.3
895.3
895.3
895.3
895.3
895.3
895.3
895.3
895.3
895.3
895.3
895.3
895.3
895.3
895.3
895.3
895.3
895.3
895.3
895.3
895.3
895.3
895.3
895.3
895.3
895.3
895.3
895.3
895.3
895.3
895.3
895.3
895.3
895.3
895.3
895.3
895.3
895.3
895.3
895.3
895.3
895.3
895.3
895.3
895.3
895.3
895.3
895.3
895.3
895.3
895.3
895.3
895.3
895.3
895.3
895.3
895.3
895.3
895.3
895.3
895.3
895.3
895.3
895.3
895.3
895.3
895.3
895.3
895.3
891.8
891.8
891.8
891.8
891.8
891.8
891.8
891.8
891.8
891.8
891.8
891.8
891.8
891.8
891.8
891.8
891.8
891.8
891.8
891.8
891.8
891.8
891.8
891.8
891.8
891.8
891.8
891.8
891.8
891.8
891.8
891.8
891.8
891.8
891.8
891.8
891.8
891.8
891.8
891.8
891.8
891.8
891.8
891.8
891.8
891.8
891.8
891.8
891.8
891.8
891.8
891.8
891.8
891.8
891.8
891.8
891.8
891.8
891.8
891.8
891.8
891.8
891.8
891.8
891.8
891.8
891.8
891.8
891.8
891.8
891.8
891.8
891.8
891.8
891.8
891.8
891.8
891.8
891.8
891.8
891.8
891.8
891.8
891.8
891.8
891.8
891.8
891.8
891.8
891.8
891.8
891.8
891.8
891.8
891.8
891.8
891.8
891.8
891.8
891.8
891.8
891.8
891.8
891.8
891.8
891.8
891.8
891.8
891.8
891.8
891.8
891.8
891.8
891.8
891.8
891.8
891.8
891.8
891.8
891.8
891.8
891.8
891.8
891.8
891.8
891.8
891.8
891.8
891.8
891.8
891.8
891.8
891.8
891.8
891.8
891.8
891.8
891.8
891.8
891.8
891.8
891.8
891.8
891.8
891.8
891.8
891.8
891.8
891.8
891.8
891.8
891.8
891.8
891.8
891.8
891.8
891.8
891.8
891.8
891.8
891.8
891.8
891.8
891.8
891.8
891.8
891.8
891.8
891.8
891.8
891.8
891.8
891.8
891.8
891.8
891.8
891.8
891.8
891.8
891.8
891.8
891.8
891.8
891.8
891.8
891.8
891.8
891.8
891.8
891.8
891.8
891.8
891.8
891.8
891.8
891.8
891.8
891.8
891.8
891.8
891.8
891.8
891.8
891.8
891.8
891.8
891.8
891.8
891.8
891.8
891.8
891.8
891.8
891.8
891.8
891.8
891.8
891.8
891.8
891.8
891.8
891.8
891.8
891.8
891.8
891.8
891.8
891.8
891.8
891.8
891.8
891.8
891.8
891.8
891.8
891.8
891.8
891.8
891.8
891.8
891.8
891.8
891.8
891.8
891.8
891.8
891.8
891.8
891.8
891.8
891.8
891.8
891.8
891.8
891.8
891.8
891.8
891.8
891.8
891.8
891.8
891.8
891.8
891.8
891.8
891.8
891.8
891.8
891.8
891.8
891.8
891.8
891.8
891.8
891.8
891.8
891.8
891.8
891.8
891.8
891.8
891.8
891.8
891.8
891.8
891.8
891.8
891.8
891.8
891.8
891.8
891.8
891.8
891.8
891.8
891.8
891.8
891.8
891.8
891.8
891.8
891.8
891.8
891.8
891.8
891.8
891.8
891.8
891.8
891.8
891.8
891.8
891.8
891.8
891.8
891.8
891.8
891.8
891.8
891.8
891.8
891.8
891.8
891.8
891.8
891.8
891.8
891.8
891.8
891.8
891.8
891.8
891.8
891.8
891.8
891.8
891.8
891.8
891.8
891.8
891.8
891.8
891.8
891.8
891.8
891.8
891.8
891.8
891.8
891.8
891.8
891.8
891.8
891.8
891.8
891.8
891.8
891.8
891.8
891.8
891.8
891.8
891.8
891.8
891.8
891.8
891.8
891.8
891.8
891.8
891.8
891.8
891.8
891.8
891.8
891.8
891.8
891.8
891.8
891.8
891.8
891.8
891.8
891.8
891.8
891.8
891.8
891.8
891.8
891.8
890.3
890.3
890.3
890.3
890.3
890.3
890.3
890.3
890.3
890.3
890.3
890.3
890.3
890.3
890.3
890.3
890.3
890.3
890.3
890.3
890.3
890.3
890.3
890.3
890.3
890.3
890.3
890.3
890.3
890.3
890.3
890.3
890.3
890.3
890.3
890.3
890.3
890.3
890.3
890.3
890.3
890.3
890.3
890.3
890.3
890.3
890.3
890.3
890.3
890.3
890.3
890.3
890.3
890.3
890.3
890.3
890.3
890.3
890.3
890.3
890.3
890.3
890.3
890.3
890.3
890.3
890.3
890.3
890.3
890.3
890.3
890.3
890.3
890.3
890.3
890.3
890.3
890.3
890.3
890.3
890.3
890.3
890.3
890.3
890.3
890.3
890.3
890.3
890.3
890.3
890.3
890.3
890.3
890.3
890.3
890.3
890.3
890.3
890.3
890.3
890.3
890.3
890.3
890.3
890.3
890.3
890.3
890.3
890.3
890.3
890.3
890.3
890.3
890.3
890.3
890.3
890.3
890.3
890.3
890.3
890.3
890.3
890.3
890.3
890.3
890.3
890.3
890.3
890.3
890.3
890.3
890.3
890.3
890.3
890.3
890.3
890.3
890.3
890.3
890.3
890.3
890.3
890.3
890.3
890.3
890.3
890.3
890.3
890.3
890.3
890.3
890.3
890.3
890.3
890.3
890.3
890.3
890.3
890.3
890.3
890.3
890.3
890.3
890.3
890.3
890.3
890.3
890.3
890.3
890.3
890.3
890.3
890.3
890.3
890.3
890.3
890.3
890.3
890.3
890.3
890.3
890.3
890.3
890.3
890.3
884.4
884.4
881.5
881.5
881.5
881.5
881.5
881.5
881.5
881.5
881.5
881.5
881.5
881.5
881.5
881.5
881.5
881.5
881.5
881.5
881.5
881.5
881.5
881.5
881.5
881.5
881.5
881.5
881.5
881.5
881.5
881.5
881.5
881.5
881.5
881.5
881.5
881.5
881.5
881.5
881.5
881.5
881.5
881.5
881.5
881.5
881.5
881.5
881.5
881.5
881.5
881.5
881.5
881.5
881.5
881.5
881.5
881.5
881.5
881.5
881.5
881.5
881.5
881.5
881.5
881.5
881.5
881.5
881.5
881.5
881.5
881.5
881.5
881.5
881.5
881.5
881.5
881.5
881.5
881.5
881.5
881.5
881.5
881.5
881.5
881.5
881.5
881.5
881.5
881.5
881.5
881.5
881.5
881.5
881.4
881.4
881.4
881.4
881.4
881.4
881.4
881.4
881.4
881.4
881.4
881.4
881.4
881.4
881.4
881.4
881.4
881.4
881.4
881.4
881.4
881.4
881.4
881.4
881.4
881.4
881.4
881.4
881.4
881.4
881.4
881.4
881.4
881.4
881.4
881.4
881.4
881.4
881.4
881.4
881.4
881.4
881.4
881.4
881.4
881.4
881.4
881.4
881.4
881.4
881.4
881.4
881.4
881.4
881.4
881.4
881.4
881.4
881.4
881.4
881.4
881.4
881.4
881.4
881.4
881.4
881.4
881.4
881.4
881.4
881.4
881.4
881.4
881.4
881.4
881.4
881.4
881.4
881.4
881.4
881.4
881.4
881.4
881.4
881.4
881.4
881.4
881.4
881.4
881.4
881.4
881.4
881.4
881.4
881.4
881.4
881.4
881.4
881.4
881.4
881.4
881.4
881.4
881.4
881.4
881.4
881.4
881.4
881.4
881.4
881.4
881.4
881.4
881.4
881.4
881.4
881.4
881.4
881.4
881.4
881.4
881.4
881.4
881.4
881.4
881.4
881.4
881.4
881.4
881.4
881.4
881.4
881.4
881.4
881.4
881.4
881.4
881.4
881.4
881.4
881.4
881.4
881.4
881.4
881.4
881.4
881.4
881.4
881.4
881.4
881.4
881.4
881.4
881.4
881.4
881.4
881.4
881.4
881.4
881.4
881.4
881.4
881.4
881.4
881.4
881.4
881.4
881.4
881.4
881.4
881.4
881.4
881.4
881.4
881.4
881.4
881.4
881.4
881.4
881.4
881.4
881.4
881.4
881.4
881.4
881.4
881.4
881.4
881.4
881.4
881.4
881.4
881.4
881.4
881.4
881.4
870.8
870.8
870.8
870.8
870.8
870.8
870.8
870.8
870.8
870.8
870.8
870.8
870.8
870.8
870.8
870.8
870.8
870.8
870.8
870.8
870.8
870.8
870.8
870.8
870.8
870.8
870.8
870.8
870.8
870.8
870.8
870.8
870.8
870.8
870.8
870.8
870.8
870.8
870.8
870.8
870.8
870.8
870.8
870.8
870.8
870.8
870.8
870.8
870.8
870.8
870.8
870.8
870.8
870.8
870.8
870.8
870.8
870.8
870.8
870.8
870.8
870.8
870.8
870.8
870.8
870.8
870.8
870.8
870.8
870.8
870.8
870.8
870.8
870.8
870.8
870.8
870.8
870.8
870.8
870.8
870.8
870.8
870.8
870.8
870.8
870.8
870.8
870.8
870.8
870.8
870.8
870.8
870.8
870.8
870.8
870.8
870.8
870.8
870.8
870.8
870.8
870.8
870.8
870.8
870.8
870.8
870.8
870.8
870.8
870.8
870.8
870.8
870.8
870.8
870.8
870.8
870.8
870.8
870.8
870.8
870.8
870.8
870.8
870.8
870.8
870.8
870.8
870.8
870.8
870.8
870.8
870.8
870.8
870.8
870.8
870.8
870.8
870.8
870.8
870.8
870.8
870.8
870.8
870.8
870.8
870.8
870.8
870.8
870.8
870.8
870.8
870.8
870.8
870.8
870.8
870.8
870.8
870.8
870.8
870.8
870.8
870.8
870.8
870.8
870.8
870.8
870.8
870.8
870.8
870.8
870.8
870.8
870.8
870.8
870.8
870.8
870.8
870.8
870.8
870.8
870.8
870.8
870.8
870.8
870.8
870.8
870.8
870.8
869.6
869.6
869.6
869.6
869.6
869.6
869.6
869.6
869.6
869.6
869.6
869.6
869.6
869.6
869.6
869.6
869.6
869.6
869.6
869.6
869.6
869.6
869.6
869.6
869.6
869.6
869.6
869.6
869.6
869.6
869.6
869.6
869.6
869.6
869.6
869.6
869.6
869.6
869.6
869.6
869.6
869.6
869.6
869.6
869.6
869.6
869.6
869.6
869.6
869.6
869.6
869.6
869.6
869.6
869.6
869.6
869.6
869.6
869.6
869.6
869.6
869.6
869.6
869.6
869.6
869.6
869.6
869.6
869.6
869.6
869.6
869.6
869.6
869.6
869.6
869.6
869.6
869.6
869.6
869.6
869.6
869.6
869.6
869.6
869.6
869.6
869.6
869.6
869.6
869.6
869.6
869.6
869.6
869.6
869.6
869.6
869.6
869.6
869.6
869.6
869.6
869.6
869.6
869.6
869.6
869.6
869.6
869.6
869.6
869.6
869.6
869.6
869.6
869.6
869.6
869.6
869.6
869.6
869.6
869.6
869.6
869.6
869.6
869.6
869.6
869.6
869.6
869.6
869.6
869.6
869.6
869.6
869.6
869.6
869.6
869.6
869.6
869.6
869.6
869.6
869.6
863.7
863.7
863.7
863.7
863.7
863.7
863.7
863.7
863.7
863.7
863.7
863.7
863.7
863.7
863.7
863.7
863.4
863.4
863.4
863.4
863.4
863.4
863.4
863.4
863.4
863.4
863.4
863.4
863.4
863.4
863.4
863.4
863.4
863.4
863.4
863.4
863.4
863.4
863.4
863.4
863.4
863.4
863.4
863.4
863.4
863.4
863.4
863.4
863.4
863.4
863.4
863.4
863.4
863.4
863.4
863.4
863.4
863.4
863.4
863.4
863.4
863.4
863.4
863.4
863.4
863.4
863.4
863.4
863.4
863.4
863.4
863.4
863.4
863.4
863.4
863.4
863.4
863.4
863.4
863.4
863.4
863.4
863.4
863.4
863.4
863.4
863.4
863.4
863.4
863.4
863.4
863.4
863.4
863.4
863.4
863.4
863.4
863.4
863.4
863.4
863.4
863.4
863.4
863.4
863.4
863.4
863.4
863.4
863.4
863.4
863.4
863.4
863.4
863.4
863.4
863.4
863.4
863.4
863.4
863.4
863.4
863.4
863.4
863.4
863.4
863.4
863.4
863.4
863.4
863.4
863.4
863.4
863.4
863.4
863.4
863.4
863.4
863.4
863.4
863.4
863.4
863.4
863.4
863.4
863.4
863.4
863.4
863.4
863.4
863.4
863.4
863.4
863.4
863.4
863.4
863.4
863.4
863.4
863.4
863.4
863.4
863.4
863.4
863.4
863.4
863.4
863.4
863.4
863.4
863.4
863.4
863.4
863.4
863.4
863.4
863.4
863.4
863.4
863.4
863.4
863.4
863.4
863.4
863.4
863.4
863.4
863.4
863.4
863.4
863.4
863.4
863.4
863.4
863.4
863.4
863.4
863.4
863.4
863.4
863.4
863.4
863.4
863.4
863.4
863.4
863.4
863.4
863.4
863.4
863.4
863.4
863.4
863.4
863.4
863.4
863.4
863.4
863.4
863.4
863.4
863.4
863.4
863.4
863.4
863.4
863.4
863.4
863.4
863.4
863.4
863.4
863.4
863.4
863.4
863.4
863.4
863.4
863.4
863.4
863.4
863.4
863.4
863.4
863.4
863.4
863.4
863.4
863.4
863.4
863.4
863.4
863.4
863.4
863.4
863.4
863.4
863.4
863.4
863.4
863.4
863.4
863.4
863.4
863.4
863.4
863.4
863.4
863.4
863.4
863.4
863.4
863.4
863.4
863.4
863.4
863.4
863.4
863.4
863.4
863.4
863.4
863.4
863.4
863.4
863.4
863.4
863.4
863.4
863.4
863.4
863.4
863.4
863.4
863.4
863.4
863.4
863.4
863.4
863.4
863.4
863.4
863.4
863.4
863.4
863.4
863.4
863.4
863.4
863.4
863.4
863.4
863.4
863.4
863.4
863.4
863.4
863.4
863.4
863.4
863.4
863.4
863.4
863.4
863.4
863.4
863.4
863.4
863.4
863.4
863.4
863.4
863.4
863.4
863.4
863.4
863.4
863.4
863.4
863.4
863.4
863.4
863.4
863.4
863.4
863.4
863.4
863.4
863.4
863.4
863.4
863.4
863.4
863.4
863.4
863.4
863.4
863.4
863.4
863.4
863.4
863.4
863.4
863.4
863.4
863.4
863.4
863.4
863.4
863.4
863.4
863.4
863.4
863.4
863.4
863.4
863.4
863.4
863.4
863.4
863.4
863.4
863.4
863.4
863.4
863.4
863.4
863.4
863.4
863.4
863.4
863.4
863.4
863.4
863.4
863.4
863.4
863.4
863.4
863.4
863.4
863.4
863.4
863.4
863.4
863.4
863.4
863.4
863.4
863.4
863.4
863.4
863.4
863.4
863.4
863.4
863.4
863.4
863.4
863.4
863.4
863.4
863.4
863.4
863.4
863.4
863.4
863.4
863.4
863.4
863.4
863.4
863.4
863.4
863.4
863.4
863.4
863.4
863.4
863.4
863.4
863.4
863.4
863.4
863.4
863.4
863.4
863.4
863.4
863.4
863.4
863.4
863.4
863.4
863.4
863.4
863.4
863.4
863.4
863.4
863.4
863.4
863.4
863.4
863.4
863.4
863.4
863.4
863.4
863.4
863.4
863.4
863.4
863.4
863.4
863.4
863.4
863.4
863.4
863.4
863.4
863.4
863.4
863.4
863.4
863.4
863.4
863.4
863.4
863.4
863.4
863.4
863.4
863.4
863.4
863.4
863.4
863.4
863.4
863.4
863.4
863.4
863.4
863.4
863.4
863.4
863.4
863.4
863.4
863.4
863.4
863.4
863.4
863.4
863.4
863.4
863.4
863.4
863.4
863.4
863.4
863.4
863.4
863.4
863.4
863.4
863.4
863.4
863.4
863.4
863.4
863.4
863.4
863.4
863.4
863.4
863.4
863.4
863.4
863.4
863.4
863.4
863.4
863.4
863.4
863.4
863.4
863.4
863.4
863.4
863.4
863.4
863.4
863.4
863.4
863.4
863.4
863.4
863.4
863.4
863.4
863.4
863.4
863.4
863.4
863.4
863.4
863.4
863.4
863.4
863.4
863.4
863.4
863.4
863.4
863.4
863.4
863.4
863.4
863.4
863.4
863.4
863.4
863.4
863.4
863.4
863.4
863.4
863.4
863.4
863.4
863.4
863.4
863.4
863.4
863.4
863.4
863.4
863.4
863.4
863.4
863.4
863.4
863.4
863.4
863.4
863.4
863.4
863.4
863.4
863.4
863.4
863.4
863.4
863.4
863.4
863.4
863.4
863.4
863.4
863.4
863.4
863.4
863.4
863.4
863.4
863.4
863.4
863.4
863.4
863.4
863.4
863.4
863.4
863.4
863.4
863.4
863.4
863.4
863.4
863.4
863.4
863.4
863.4
863.4
863.4
863.4
863.4
863.4
863.4
863.4
863.4
863.4
863.4
863.4
863.4
863.4
863.4
863.4
863.4
863.4
863.4
863.4
863.4
863.4
863.4
863.4
863.4
863.4
863.4
863.4
863.4
863.4
863.4
863.4
863.4
863.4
863.4
863.4
863.4
863.4
863.4
863.4
863.4
863.4
863.4
863.4
863.4
863.4
863.4
863.4
863.4
863.4
863.4
863.4
863.4
863.4
863.4
863.4
863.4
863.4
863.4
863.4
863.4
863.4
863.4
863.4
863.4
863.4
863.4
863.4
863.4
863.4
863.4
863.4
863.4
863.4
863.4
863.4
863.4
863.4
863.4
863.4
863.4
863.4
863.4
863.4
863.4
863.4
863.4
863.4
863.4
863.4
863.4
863.4
863.4
863.4
863.4
863.4
863.4
863.4
863.4
863.4
863.4
863.4
863.4
863.4
863.4
863.4
863.4
863.4
863.4
863.4
863.4
863.4
863.4
863.4
863.4
863.4
863.4
863.4
863.4
863.4
863.4
863.4
863.4
863.4
863.4
863.4
863.4
863.4
863.4
863.4
863.4
863.4
863.4
863.4
863.4
863.4
863.4
863.4
863.4
863.4
863.4
863.4
863.4
863.4
863.4
863.4
863.4
863.4
863.4
863.4
863.4
863.4
863.4
863.4
863.4
863.4
863.4
863.4
863.4
863.4
863.4
863.4
863.4
863.4
863.4
863.4
863.4
863.4
863.4
863.4
863.4
863.4
863.4
863.4
863.4
863.4
863.4
863.4
863.4
863.4
863.4
863.4
863.4
863.4
863.4
863.4
863.4
863.4
863.4
863.4
863.4
863.4
863.4
863.4
863.4
863.4
863.4
863.4
863.4
863.4
863.4
863.4
863.4
863.4
863.4
863.4
863.4
863.4
863.4
863.4
863.4
863.4
863.4
863.4
863.4
863.4
863.4
863.4
863.4
863.4
863.4
863.4
863.4
863.4
863.4
863.4
863.4
863.4
863.4
863.4
863.4
863.4
863.4
863.4
863.4
863.4
863.4
863.4
863.4
863.4
863.4
863.4
863.4
863.4
863.4
863.4
863.4
863.4
863.4
863.4
863.4
863.4
863.4
863.4
863.4
863.4
863.4
863.4
863.4
863.4
863.4
863.4
863.4
863.4
863.4
863.4
863.4
863.4
863.4
863.4
863.4
863.4
863.4
863.4
863.4
863.4
863.4
863.4
863.4
863.4
863.4
863.4
863.4
863.4
863.4
863.4
863.4
863.4
863.4
863.4
863.4
863.4
863.4
863.4
863.4
863.4
863.4
863.4
863.4
863.4
863.4
863.4
863.4
863.4
863.4
863.4
863.4
863.4
863.4
863.4
863.4
863.4
863.4
863.4
863.4
863.4
863.4
863.4
863.4
863.4
863.4
863.4
863.4
863.4
863.4
863.4
863.4
863.4
863.4
863.4
863.4
863.4
863.4
863.4
863.4
863.4
863.4
863.4
863.4
863.4
863.4
863.4
863.4
863.4
863.4
863.4
863.4
863.4
863.4
863.4
863.4
863.4
863.4
863.4
863.4
863.4
863.4
863.4
863.4
863.4
863.4
863.4
863.4
863.4
863.4
863.4
863.4
863.4
863.4
863.4
863.4
863.4
863.4
863.4
863.4
